0.120485 -4.892166
-2.154401 -4.537419
0.552313 -4.223496
3.332782 -2.754315
-1.795474 -4.458213
2.563110 4.558954
5.088362 0.719547
2.402377 -5.209376
4.493541 2.211390
4.806678 -1.629718
-3.544070 -3.644676
3.514515 4.128111
4.750856 -0.734054
2.542252 4.212115
1.450365 -4.438234
5.491599 1.490694
-1.148710 -4.530610
3.831719 3.297453
-4.021224 -3.662493
-4.241810 -3.123613
4.248090 2.351725
4.146450 3.161645
-0.485559 -5.498399
-0.066201 -5.010483
2.213172 -4.510376
3.502357 2.766516
2.565323 5.154855
-2.770906 -3.608961
3.529630 4.621197
3.602428 2.763409
1.615953 -5.115958
-2.430513 -4.382134
2.474008 -4.313717
-0.549693 -4.906660
2.182551 4.662655
3.854811 2.463087
4.610425 -2.938686
4.410525 1.803847
1.769826 4.672778
5.366492 -0.904469
1.659366 -4.261435
3.028289 4.381004
-2.523018 -5.431758
3.676404 4.349615
-0.589640 -5.342369
-3.429139 -4.137864
2.062543 -5.193082
4.963013 -0.079103
2.279748 4.500578
5.505698 1.335427
-0.350970 -5.036590
-3.611793 -3.568830
4.227828 -2.718061
1.369585 -5.248947
3.713220 -2.345113
-2.479825 -4.568372
-4.485634 -2.992926
4.653638 -0.474965
1.318940 -5.208420
3.110346 3.282242
5.317792 0.814829
-1.870461 -4.747279
3.078305 -4.201348
4.598514 -0.871877
-0.749860 -4.543020
-1.508523 -5.263635
-4.568662 -3.022318
3.709660 -3.330352
3.953922 3.714869
3.324490 4.367327
-1.169577 -5.245512
4.342644 1.282484
-0.137680 -5.153252
-3.717009 -3.111030
0.474897 -4.928818
-1.533887 -4.741399
3.914997 -3.486742
4.410628 3.121904
4.633596 1.996280
-2.453128 -3.990910
3.272678 4.382641
4.459959 -2.312783
-0.288283 -4.902016
-4.071857 -2.938958
5.369074 -0.398343
4.231583 3.208768
5.306918 -0.023341
1.461798 -3.991915
3.096606 -3.813852
2.282127 -4.123983
4.998133 -2.150255
3.022049 2.994100
1.787512 -3.850206
3.311508 -3.959764
5.071487 0.607056
3.689801 3.493048
3.503593 -3.147268
5.156726 -0.930417
0.205155 -5.217640
-4.312202 -3.093784
3.764083 -3.399020
4.674962 1.561094
3.521491 -2.673077
2.330234 -4.073581
3.430661 4.300013
-2.489941 -4.000135
-2.295736 -3.895366
3.608059 -3.297413
4.857917 -1.345783
4.969980 -1.358537
4.519290 -1.054673
-0.232296 -5.101422
3.597783 2.814744
-4.036524 -3.247888
4.302454 3.646126
-1.409677 -4.440699
2.441730 -4.470502
1.790440 -4.358689
-2.918091 -4.203007
4.754254 0.315867
-2.833295 -3.538248
-2.679850 -4.118421
3.508857 -2.408288
-2.989868 -4.759419
-3.908383 -2.612197
-4.732736 -2.504156
4.616662 -2.461170
3.694548 3.720737
4.240567 -2.688722
-3.956067 -4.039354
-3.824388 -4.226473
-2.625316 -4.020110
2.662553 -5.272972
3.909839 3.995138
-1.497329 -3.926878
-0.098494 -4.387387
5.378646 0.466585
1.673653 -4.240421
-3.928497 -2.622663
-4.319326 -2.313656
4.747666 0.357023
3.017489 3.696894
2.097619 -4.724342
2.500584 -4.706498
-2.263803 -3.994174
2.826513 -3.830821
-0.681983 -4.676816
3.551449 -4.295238
4.398044 2.237163
4.109258 3.338833
5.083026 2.298399
-4.304840 -2.749888
1.436371 -4.437410
-1.221960 -4.767281
3.041141 -4.102750
5.126679 0.870542
3.765789 -2.731786
3.887004 -1.311389
4.778016 -0.135684
4.886359 -0.374195
4.427873 -2.738425
4.946962 -0.997585
4.233765 -3.336077
-2.277508 -5.507689
-1.094145 -5.045692
4.131283 2.284025
3.204631 -3.819951
-2.873585 -4.461651
2.134330 -3.982538
-2.409334 -4.430681
-4.804556 -1.991269
4.864399 2.400769
-5.003722 -1.818989
-2.643597 -3.468867
-1.924897 -4.868971
5.708115 -1.547558
4.945151 0.302514
0.583454 -4.948563
-3.954134 -3.474402
3.659816 -4.293648
3.547624 -3.040755
4.206166 0.642791
4.455103 -2.513585
2.500708 4.309106
4.013559 -1.795051
-0.841945 -4.674724
5.208554 0.245845
-4.128248 -3.114188
3.670811 3.915068
-4.992630 -1.995384
5.080044 -1.637845
-3.587513 -2.708378
-2.198960 -5.658897
3.471957 3.148036
-0.438004 -5.010925
-0.123910 -4.449436
4.156747 -3.424637
-3.089622 -4.069352
2.478127 -3.915664
4.856695 0.834566
-0.381288 -5.216752
-1.519328 -4.781959
3.213408 -3.662299
5.151954 0.068460
4.490929 2.374429
5.163452 -1.270629
-2.567959 -4.810791
0.276683 -4.422739
3.370486 -3.528864
5.120113 -1.267686
4.808845 0.712134
3.310106 3.245037
0.864951 -4.183779
3.700737 3.843249
3.822801 3.300761
3.556510 3.615101
-3.480884 -2.363491
-0.654325 -4.920345
2.243206 -4.934666
-1.121954 -4.802068
-4.562273 -2.563991
1.412278 -5.368588
2.761665 3.685710
-4.777699 -2.321553
4.040048 1.749891
-0.620038 -4.581926
3.849524 3.673673
3.623669 3.289673
-2.861133 -4.536840
2.812079 -3.673985
1.777736 -4.470084
5.495721 -0.999233
2.954291 -3.481061
4.567274 -2.228501
3.109002 -4.669973
4.394154 2.107130
3.336456 -3.889194
3.547658 -3.488478
4.991829 -1.132863
4.063288 -2.661809
-3.475445 -3.679380
4.769390 1.162325
3.919575 2.226359
5.499817 1.176193
3.159377 -3.649504
1.756512 -4.417384
-3.789235 -4.496504
-0.900584 -5.124617
-1.423843 -4.743630
4.284767 3.803941
0.299661 -4.715695
5.134244 -1.772357
3.884843 4.102381
4.688505 3.313395
4.172895 2.560512
5.131176 0.107226
3.972983 2.884117
4.753993 0.196051
3.987555 -3.256508
-0.577043 -5.284891
4.744575 1.962819
5.198038 -0.400258
1.323466 4.213498
4.824337 1.291426
2.944325 4.628242
-4.360073 -3.011436
2.586799 -3.968616
-3.027105 -3.083946
-1.560581 -3.931202
2.101459 -4.676231
0.607739 -4.727025
1.672179 -5.390160
4.719625 -0.464337
3.320726 2.957116
4.992169 -1.108825
3.579167 2.900582
-4.169071 -3.086125
3.954963 -3.223881
0.401531 -5.384026
5.239770 1.414026
4.936460 0.540142
-0.395748 -4.505788
3.056821 3.223552
5.361253 -2.603352
4.450145 1.558086
0.140769 -5.236748
4.705409 -0.861280
4.115267 1.762503
4.882939 -1.237806
0.313274 -4.714538
1.406071 -3.889082
3.965382 2.602417
3.940114 4.115840
5.012277 1.578955
5.050802 -1.221323
2.009024 -4.740355
-4.366125 -2.898711
-3.092405 -3.677563
4.966993 -1.075497
-0.590713 -5.148997
2.212983 -4.320112
-2.785142 -3.103732
5.048149 -1.707148
-2.149210 -4.266960
0.786625 -4.618754
-4.217572 -3.217396
3.903058 -1.897594
-5.010483 -2.974105
0.132548 -5.224213
-2.547753 -4.191857
0.511306 -5.285126
5.016614 0.562052
-1.676659 -4.802742
5.181861 -1.770911
3.787909 -3.719356
5.267306 2.032354
-2.775568 -4.767753
5.411114 -0.421888
4.322319 2.874963
-2.138739 -4.964251
2.564234 -4.530296
-0.538083 -5.061928
5.048611 1.594655
-3.292291 -4.241157
-3.510693 -2.453422
4.754400 -2.353480
-2.576854 -4.209836
-1.108337 -4.304419
4.293021 -0.559713
-4.262070 -2.665567
4.361237 2.310862
4.953956 -2.842431
3.425851 -2.624420
-1.111801 -4.036636
4.931015 1.544224
-0.125227 -4.607378
-2.125376 -4.800924
4.481374 -1.289075
4.479249 -2.908727
-3.395794 -2.468459
4.433113 -0.766855
2.284319 4.523009
2.393503 -4.249330
-2.734460 -3.939397
1.840526 3.702136
4.625260 -1.489405
3.200539 3.991908
-3.159892 -3.933405
4.160512 2.457154
5.182214 1.123692
1.160761 -4.849701
-2.468481 -4.300331
3.721088 -4.118640
-3.165054 -3.747127
-2.038089 -4.327372
2.276556 -3.921169
4.482036 -2.666262
0.067339 -4.744239
-3.171761 -3.612849
5.023310 -0.864466
1.944557 -4.824172
2.323231 4.385537
1.355840 -5.140044
3.243740 3.833741
-2.424714 -4.347795
-3.489777 -3.022871
1.592591 -4.201294
-2.705166 -4.809600
-1.507292 -4.770590
3.733914 -2.243960
4.925053 -1.693527
4.728088 2.592785
-2.205460 -4.019367
4.612805 2.683125
5.060835 0.420844
5.198524 -0.062165
3.118771 -2.938028
5.044727 0.928352
4.539563 -0.503583
-3.042088 -4.287007
-3.650667 -2.702737
3.254670 4.317529
4.950062 1.741138
5.426884 -2.343298
-4.589749 -2.538918
3.460861 2.846112
0.546024 -4.868975
-0.701077 -4.638531
3.097017 -4.250840
-0.382052 -5.040988
3.299191 -2.850315
2.933519 -3.728416
-0.531110 -4.029921
-2.679624 -4.354072
0.347854 -4.739614
-2.240108 -4.410978
5.011631 -1.242608
3.267596 2.885277
4.598409 -2.404413
-2.181376 -4.318705
4.903131 -0.524297
5.044442 0.320245
0.129081 -4.334964
1.655113 5.028874
4.795759 -0.599115
-0.800328 -4.587087
3.761523 -3.347605
3.456746 3.382583
5.261159 1.814456
2.124622 -4.839814
0.045503 -5.227904
2.176238 -4.077029
2.228150 -4.544438
3.403844 -3.193536
2.570093 -4.281868
4.667609 2.578477
4.770633 3.542702
4.831922 2.675664
3.238932 -3.359297
2.733390 5.039185
-2.254426 -4.454560
4.825753 -0.987927
4.839622 -0.771880
5.080139 -1.532301
1.970299 -3.830846
-0.935307 -5.109320
3.243072 4.293547
5.614420 -0.905629
3.006545 4.552682
5.214307 0.144904
5.775671 0.800718
4.377517 2.828588
5.102798 -1.077728
5.899800 0.519284
1.851714 4.730436
-2.010438 -4.583975
3.717991 3.644295
-0.208945 -4.439314
-1.889516 -4.143455
4.074242 2.653990
4.349809 2.228524
5.336866 -1.240539
2.393093 -4.297694
5.405351 -0.061479
-0.375731 -4.982244
4.742827 -1.858018
3.835045 3.296225
4.108346 2.123728
-1.423019 -4.782384
-4.383953 -3.426512
5.000604 1.709657
-2.402371 -4.447926
0.927645 -4.741033
4.855807 1.141642
3.582800 -3.067058
-3.121942 -2.032486
4.247292 -2.024959
5.038342 -0.823426
3.287760 -3.495362
-3.954260 -2.258833
1.367236 -4.763986
3.431469 -2.615982
2.445712 -4.236696
-4.080041 -2.407592
5.895552 -0.380740
2.679288 4.455829
-2.968485 -3.218845
2.229362 -4.947457
-2.442041 -4.046356
5.525992 -0.064788
-0.272632 -4.988888
-1.494370 -4.881789
1.444474 -4.218961
4.604919 2.365324
-0.002099 -5.140754
3.728510 -3.533784
-1.836358 -3.995456
-0.608876 -5.252779
4.305760 2.013526
4.808782 0.476708
-3.701024 -3.023767
0.841642 -4.417042
-1.296190 -5.053471
0.166798 -4.782982
0.786091 -5.336953
4.242895 1.541701
3.310856 4.038456
-0.615869 -4.716548
3.616953 3.390983
-4.535404 -1.723055
-0.536455 -4.697328
2.714949 -3.970003
5.268191 -1.790288
-0.292919 -5.011541
4.585003 -1.599397
2.647949 -4.797955
-2.474463 -3.514678
-1.977728 -4.251667
3.428379 -3.703945
-2.621619 -4.062730
4.314615 -2.262189
3.448928 -3.039723
1.261534 -4.628682
-4.539041 -2.824156
2.294130 -4.450362
3.141753 -2.844232
-1.762360 -4.452220
5.070507 -0.994412
3.409269 -3.643410
2.509717 5.020648
-3.838248 -3.865974
-3.401889 -3.303819
4.465519 -0.653603
4.520175 -1.558429
0.372951 -5.353217
-3.213896 -4.295534
-1.272516 -4.299696
3.997367 -2.848065
4.482623 -0.398141
-0.082799 -5.087871
1.792698 -4.905441
2.479815 -4.241581
4.660348 -0.148315
-2.273108 -4.858775
4.769537 -0.749838
-4.313323 -1.772796
-1.581996 -5.430337
-1.699573 -4.440879
5.494665 2.295063
3.062496 3.934437
2.710041 -3.415440
5.623172 0.065871
0.960688 -5.315750
-0.287719 -5.455987
2.237119 -4.567772
3.885871 -3.624579
5.369802 -1.846450
-2.455771 -4.247637
5.118618 -1.116820
-0.325823 -5.533690
-2.620794 -4.575813
4.779119 -1.324258
5.371341 -2.125128
4.763927 -1.440691
2.358386 4.107792
4.457991 -1.193111
4.486472 -2.319904
4.664039 1.881724
4.583831 1.219075
4.426145 -2.746335
2.165898 -4.329056
5.696474 -0.773828
1.620803 -4.539423
4.482630 0.297283
-4.039585 -3.526837
4.426347 -2.432702
4.500472 2.144908
-2.142641 -4.997409
4.566665 1.563026
4.387233 -2.194171
5.481429 0.906996
3.065712 -3.966270
3.905642 1.201081
4.253752 0.909261
4.576631 -0.282347
2.407737 -4.497953
3.414139 -3.997027
1.755743 -3.862967
4.641792 -1.520550
4.490830 1.357119
2.107807 -3.839925
3.967575 -3.086872
3.394143 -4.408332
1.832373 -4.942262
4.377351 -1.476463
-3.106724 -3.702248
-2.732974 -4.079219
-2.127513 -4.816128
5.588381 0.707162
2.239659 4.026464
4.038756 2.526510
-4.582574 -2.075789
5.180322 2.662348
-0.874460 -5.140543
3.895098 -2.835310
-3.109033 -4.610939
2.107824 4.294173
4.403480 2.938020
0.392804 -5.151690
0.646556 -4.526895
4.565116 2.702590
-1.398779 -4.640225
1.698210 4.725145
4.274778 2.445854
3.037571 -4.145255
2.628925 4.680474
-0.798153 -5.091446
-0.250632 -5.179591
4.264678 1.432609
3.708169 -2.745310
1.356450 -4.831785
4.014309 -2.088516
5.104208 1.697956
3.491736 -4.081483
-2.576611 -4.198127
-3.261274 -4.026396
-1.193333 -4.718123
4.041904 1.423453
-2.911478 -4.205950
5.057452 0.168085
2.264578 4.317868
4.964683 0.756552
-0.297934 -4.920457
-3.379974 -3.145779
-4.322285 -2.006320
3.381660 -3.081357
-4.895334 -1.833892
-4.265599 -3.250098
-0.538899 -4.812019
-2.655330 -2.660547
-0.191282 -4.672962
2.201855 3.416950
2.146582 3.598459
3.269092 -4.260309
5.018949 0.514836
-0.455693 -4.269056
5.077836 0.345285
0.744392 -5.065073
4.121365 -0.040977
1.093771 -5.066861
1.916380 4.030290
2.442955 4.382341
4.239786 2.173921
1.783530 -4.339666
3.209181 4.659167
4.915300 -1.623941
4.332012 -3.758831
5.264557 -1.711036
4.605213 -3.102623
3.981515 2.491104
5.124348 -0.346394
-1.038613 -5.293736
4.174546 -2.955447
1.465994 -5.269437
4.659574 -0.285768
4.502151 -3.563665
4.225019 -2.101125
3.239654 4.359413
3.890992 3.099603
-4.160967 -3.349124
2.478963 4.099836
0.922833 -5.105035
-2.440196 -4.742805
3.793492 3.765418
4.205565 -2.715062
4.151242 2.085517
-4.242382 -3.003858
4.045265 3.240410
-1.444635 -5.996641
-3.354629 -4.101692
3.079253 4.043905
-2.281103 -4.117691
4.468791 -0.765816
5.071686 -1.662217
5.097688 -0.990344
-1.836625 -4.417298
2.238599 -4.179181
3.256139 -3.913529
-4.396049 -2.735945
0.020131 -4.668945
-4.360821 -3.545102
4.644843 -3.320402
-1.170977 -5.963960
-3.260526 -4.135975
4.389615 -3.303125
5.527468 -1.608830
-5.017700 -2.155161
3.549514 2.714683
-4.305492 -3.182531
3.978167 3.794484
1.768687 -4.502985
0.392651 -4.253185
1.827970 -4.562971
1.250593 -5.167381
0.340531 -5.055459
-0.098326 -5.111804
3.268349 3.167886
4.961879 -1.009700
-2.850575 -4.310634
-0.138319 -5.207694
-3.380528 -4.156863
-1.197797 -4.677657
3.005233 3.941834
-1.253862 -5.264914
4.396422 -0.009822
-3.257108 -4.237099
-2.996586 -3.542200
2.695307 4.671025
5.573179 0.082650
4.298986 -1.476627
5.136548 1.953646
4.354758 -3.062144
3.006655 -3.787341
3.726796 2.428821
3.859576 -3.012480
4.182193 -2.755137
1.642006 -4.770808
4.874014 -0.648603
-0.441051 -4.046704
4.811338 2.984230
1.673159 -5.436163
3.684747 -3.067565
3.852365 -2.976183
-4.424030 -2.109679
3.725110 -2.644455
-1.942909 -4.717483
4.177468 2.057192
5.257683 -0.618366
4.110516 1.655936
4.306696 3.782715
-1.776328 -4.592488
4.386320 2.729784
-3.565384 -4.212560
-2.076681 -4.342218
-0.065301 -4.773449
1.706426 -4.780008
1.756031 -4.451008
0.534564 -4.543970
2.430782 3.957089
-1.208606 -4.525168
3.872850 -3.025339
4.132874 -2.522104
1.804636 4.636056
-3.314764 -3.693164
-3.865421 -3.830951
2.329129 -4.106336
4.660656 -2.065419
2.950338 4.172814
-2.483956 -5.124755
1.270660 -5.047604
-3.501821 -3.927404
-1.780375 -4.161887
4.142349 2.955336
3.552577 2.947992
-3.619524 -2.802902
3.121651 -4.382418
3.979758 -3.590863
4.220175 2.856372
-4.506740 -1.414695
4.888221 0.572104
-4.109051 -2.653063
2.181720 -3.631162
2.389770 -4.331866
4.662838 -1.001785
-1.253763 -5.125234
0.910232 -4.848006
1.997181 4.051122
5.315002 -1.558783
4.534685 -1.376483
3.544279 -3.939918
-4.094429 -2.885638
2.984002 4.569320
2.531360 4.280167
4.602518 -1.385739
5.042880 -0.793689
-2.659240 -3.870233
-4.701696 -2.643450
4.245173 -1.388590
3.564552 -3.921224
4.910230 0.632168
2.651379 -4.137027
4.449788 1.644420
2.836744 -4.635459
0.404189 -5.019256
0.149135 -4.895847
4.555416 0.513975
4.092025 -1.527812
2.793289 4.154457
1.344019 -5.325766
5.532321 1.932845
-0.063203 -4.199958
4.539604 1.660923
3.827455 -3.616309
1.495765 -5.226252
0.614086 -4.578546
-4.426455 -2.312914
-4.551097 -2.610100
3.772478 3.263214
-3.889926 -3.208714
3.910581 -0.456332
4.310490 2.800276
-1.523465 -4.129502
3.821266 -3.286430
2.699974 -3.310542
-2.398693 -3.895668
1.189150 -4.902155
-0.437422 -5.349061
-0.345478 -4.422501
3.382746 4.400416
4.468934 -1.669559
-1.174524 -5.136154
4.697184 3.040285
0.015732 -5.158312
-3.723255 -2.885596
-1.733383 -4.271490
5.192797 1.252336
-3.485196 -3.762459
4.191972 -1.454018
2.103206 4.110630
-3.136300 -4.144651
4.601762 0.681782
-0.889347 -4.388086
2.503230 -4.750450
-2.278024 -3.976145
-4.275162 -2.871834
2.077321 4.228711
0.669330 -4.751711
2.663617 4.443109
4.435636 -0.500659
5.043210 -0.187414
3.937431 1.665759
4.261573 2.837149
-1.160671 -4.881438
-3.110928 -3.683958
5.145954 -1.228695
-1.046120 -4.770729
3.720256 -3.101223
3.161730 -3.845567
-1.152939 -4.665740
1.286173 -3.984692
3.410695 3.706838
4.461407 1.530968
4.616819 -1.335822
3.349298 -4.137996
-0.392430 -4.747105
0.815436 -5.239516
4.300579 3.581424
4.767543 1.955880
0.869046 -4.628865
4.159353 -1.875341
5.194387 -0.131643
3.826780 -2.235355
3.386783 2.966529
2.933438 4.590707
1.394910 -5.095537
2.585648 4.625301
4.087352 -1.763372
5.107324 -0.525728
-1.884682 -4.428201
4.636862 2.210018
4.998995 -0.192884
-2.352432 -5.666606
3.615386 3.291659
3.041244 3.462163
5.168990 1.187800
4.709948 -0.976630
4.634176 3.515522
4.001646 3.427332
-1.391930 -4.711477
0.943336 -4.894727
-0.519330 -5.374880
4.300764 -2.069921
4.520662 -3.036300
-4.741039 -3.189778
5.656217 0.338919
2.842380 -4.087532
-4.653914 -2.221692
-2.214542 -4.953676
4.140505 2.053125
2.399043 -4.723443
2.197581 4.098103
-3.107988 -2.946070
4.722666 2.450485
4.072027 -2.536687
-0.545832 -4.840943
4.162742 3.634723
5.096218 1.415594
4.365919 3.265948
2.595161 -4.927718
-3.539890 -3.316004
1.424040 -5.107404
-2.433947 -5.480012
-4.982631 -2.407498
-0.744771 -5.177079
4.549576 -0.379428
-2.801839 -4.398496
-1.223777 -4.889539
4.416108 2.770925
2.573601 -4.857610
4.438992 2.941091
1.587962 4.511986
-2.561362 -3.244535
3.531647 -3.095312
-2.182532 -3.342326
1.750175 -4.858525
-3.428720 -3.948139
-4.172082 -3.118054
3.608982 -3.019313
4.034708 -2.076829
4.869116 1.366060
4.943391 1.454871
3.427420 -3.472984
4.959845 -0.867534
4.748772 1.866566
0.795211 -5.702644
-0.316715 -4.853435
-3.072141 -3.960848
4.756840 -1.168864
4.906050 -2.810095
4.783646 1.112647
4.198579 -1.776990
-3.905102 -3.977769
-4.047279 -3.702385
4.962141 2.250954
3.474932 4.327870
1.799350 -4.166926
-2.287893 -3.941606
4.897555 0.803109
3.222727 3.723950
4.483410 1.376815
4.870978 -2.520585
-0.834313 -5.168079
4.138798 1.815511
4.903456 2.010707
3.984723 -2.919011
2.561864 5.019366
1.446412 -5.064249
0.005290 -4.768839
-0.530912 -4.928724
-2.573526 -4.522324
4.669987 -0.430518
4.648125 -1.819651
3.990418 -3.624004
3.974987 2.360361
3.609806 -3.624902
-1.460448 -4.840359
3.539432 -2.989055
2.528301 3.631751
-2.014554 -4.930773
-3.229738 -3.957491
2.220215 -3.828559
-1.088292 -5.561169
2.222037 -4.401681
0.445125 -4.646745
-4.535469 -2.827873
-4.358605 -2.246352
-0.826657 -5.208956
3.387556 3.829862
-2.965692 -3.816871
4.893272 3.634062
-3.607146 -2.941781
2.964008 2.910331
0.982233 -4.635140
5.683623 0.372504
3.254761 4.083850
-2.123891 -4.958883
1.940572 -3.738291
-0.099063 -4.960459
2.739859 -4.526439
4.727083 -1.492473
1.573248 5.498706
-1.109689 -4.946755
-3.757401 -3.393854
3.624159 3.305766
5.104128 1.630117
2.430244 -3.746552
0.239849 -4.329624
3.948208 1.530935
-0.852137 -4.329360
4.525639 -3.500493
4.036296 1.125581
-1.486118 -4.707776
-4.007186 -2.203648
3.582320 -2.804226
-3.202457 -4.305459
4.668193 -0.966881
-3.761576 -3.786625
4.952802 -0.372315
-2.753614 -4.181725
-1.556549 -4.218421
5.103764 -1.025348
-1.949892 -5.437170
5.107897 -1.470223
-1.769790 -4.036656
4.544408 -0.549536
4.716068 -0.615663
3.160544 4.081298
3.169434 4.181063
5.015279 -0.969927
4.817882 0.468467
3.598619 3.475762
-4.343437 -3.027655
-3.436716 -4.296496
2.356347 -4.193527
4.351816 1.847348
4.456296 -1.218471
1.329177 -4.857657
-3.674758 -3.344984
3.292972 3.689882
3.623532 2.863451
1.336268 -4.612848
2.776951 4.547417
3.967644 -2.358270
4.294203 -1.374485
3.996527 -2.866420
2.898480 3.352395
5.042679 -1.346482
4.798251 -0.248570
4.741048 1.457517
3.566558 3.279763
1.893439 4.519173
4.482378 1.427856
4.055643 2.933909
5.226821 0.383444
5.210925 -2.393256
4.254577 -3.074293
1.410587 -4.586201
2.002282 -4.763973
-1.982958 -4.519119
-0.907168 -5.501684
3.472999 -4.016914
4.310912 2.917635
-4.254998 -2.708602
1.855292 4.043151
5.206786 -1.306728
5.240128 0.829735
-0.834304 -4.488618
-4.206374 -2.687370
-1.331257 -3.998373
4.701517 -1.802590
-0.433450 -5.314142
4.535467 -1.002085
-2.985922 -3.214483
3.309438 -3.697619
3.115708 -4.375288
-1.576090 -4.279147
4.839779 -1.100961
-3.441148 -3.312042
4.032472 -3.693164
4.678369 2.030125
4.821728 0.899651
0.175145 -4.375452
3.861155 -2.223592
-4.157545 -3.460686
4.572415 -1.228002
-0.667392 -4.821409
4.476555 -1.891665
4.946628 -1.048538
-2.951783 -5.301358
1.663664 -4.603854
4.270573 0.997663
4.587149 1.209445
2.239198 4.030494
2.885567 -3.980654
1.768550 -4.034609
0.162261 -4.919590
1.390865 -4.085828
-2.111573 -4.189406
-1.277585 -4.892614
-2.241565 -4.771475
-2.571673 -3.654703
4.896834 0.736529
4.132224 -3.880323
5.031517 0.736990
-3.621112 -3.537401
4.358522 -2.352010
0.979497 -4.487858
2.013287 -3.972492
4.646149 0.232434
1.175274 4.207267
4.306547 3.672708
-4.155601 -1.764235
2.512292 -4.850248
4.540680 1.645114
3.569407 -3.242846
-4.476655 -2.179340
4.825814 0.455785
2.216072 4.294893
4.723818 -1.499447
-0.483200 -5.318882
-2.337488 -4.444420
4.303047 -2.982850
1.255865 -4.738960
4.312926 -2.889982
0.190701 -5.106291
-3.927488 -2.671954
-1.735355 -4.615612
-3.163074 -2.758052
-0.735451 -4.526005
-0.984343 -6.034664
2.388361 -4.195504
-0.513138 -5.002450
-4.008578 -2.777156
0.973510 -5.459979
-2.845069 -4.800377
5.332712 -0.162412
-2.642230 -3.983418
4.350014 4.178552
-1.178063 -4.834823
2.663937 -4.478106
-3.771665 -3.666171
1.941953 5.261022
-2.537102 -3.879902
3.831752 -3.416121
-4.860075 -2.149235
-0.016352 -4.255167
-4.034755 -2.255863
0.900872 -4.263245
0.858358 -5.380885
3.275799 4.330119
-4.249687 -2.525177
1.624239 -4.139930
2.428843 3.978349
3.947036 -2.409681
3.839354 -3.232627
2.805843 4.651083
4.804439 2.079868
-3.046590 -3.695344
4.912283 0.352996
-1.974044 -4.432055
-2.819418 -4.234744
3.639460 3.708616
-4.614449 -2.300785
4.426607 -2.007912
3.942185 3.800830
4.726401 -1.896280
3.317368 4.120199
4.529269 0.261081
4.975900 -2.570473
3.264865 3.855398
-0.661506 -5.005138
4.328949 0.962015
2.088895 -4.259644
4.512864 -2.390702
2.952390 -5.132968
2.133542 -4.905823
-0.532555 -5.010185
-0.217275 -5.320764
3.434719 -3.980144
3.856381 -2.943617
0.831551 -5.564086
-1.507784 -4.780377
-0.700420 -6.160556
-2.673885 -4.709548
3.946184 -2.058320
3.926455 -2.901459
-2.621191 -3.842826
3.502168 -2.447963
-2.335192 -4.936950
1.125121 -4.693541
-0.763735 -4.911895
-4.492586 -2.654304
2.905044 4.402900
4.042240 2.515100
3.859782 3.338769
2.180391 -4.049797
4.461848 -1.911384
2.240685 4.262614
4.376354 -3.100033
-1.140876 -4.950127
-4.558102 -3.250372
-3.194718 -4.205729
2.743380 4.101136
3.454549 4.105867
-0.246658 -4.897693
2.923905 3.420463
1.859977 -4.365043
-1.587143 -4.538701
0.469929 -4.774309
-3.580513 -3.472959
-1.608315 -4.648294
5.049243 -0.480721
4.127280 -2.240986
1.027978 -4.807421
3.932942 2.083861
-3.487516 -2.754614
2.586389 4.253376
-1.536093 -4.782229
4.610681 0.036676
4.133027 -1.986569
3.571944 -3.165969
4.839565 -0.525517
3.785427 1.766569
-1.749192 -5.000528
-0.145131 -4.520629
4.418091 0.632791
4.320699 -1.055468
2.715156 -4.081960
-2.523175 -4.962106
3.949844 -3.118076
-0.358341 -5.605368
-0.848861 -5.167874
5.039247 -1.191266
-1.693950 -4.606168
4.348021 -1.523906
2.617337 -3.818136
4.253823 -2.126045
4.524136 0.242580
-4.203233 -2.364473
1.500655 -4.777559
-3.188611 -3.794231
4.330753 -3.175328
1.002151 -4.452026
5.599562 -0.187225
-2.308316 -3.871740
0.314741 -4.674162
4.378187 -1.813498
-4.406728 -3.406843
2.166389 -4.376967
4.354587 -2.679898
1.740335 -4.074748
4.310333 3.253746
5.140629 -0.909180
3.239422 -4.336026
4.047390 -3.299601
3.642227 3.147433
4.568731 -0.142419
0.175377 -5.000359
2.730319 3.532907
3.559855 4.304562
3.909440 -3.711515
5.477794 -0.119112
2.985226 -4.345718
5.738233 0.607812
2.446528 3.809572
-3.976759 -4.026817
3.378259 -4.282709
-4.414125 -2.500109
4.479485 -1.551329
-1.669061 -4.971037
4.414517 -2.180443
-1.585691 -5.130109
-3.863529 -3.449262
4.173526 2.686746
-3.933098 -2.678448
2.925302 4.447923
4.634756 0.720475
-1.156372 -4.459170
3.989018 4.522522
2.320291 -5.218388
3.995268 4.153267
3.591745 3.549501
3.589677 4.420480
4.135127 2.169537
4.480418 -0.662116
4.242701 1.893828
-0.536196 -4.950336
-0.765668 -4.395314
-1.799846 -5.287263
2.570457 -3.942233
-2.134429 -4.428551
4.822339 1.141941
2.964582 4.097469
-1.132057 -4.614016
5.055297 -0.030561
3.812354 -2.482733
4.961565 -1.013485
3.385046 3.376526
4.461342 1.847480
-2.859160 -3.912238
4.886787 -1.599516
2.555245 4.874348
-4.906572 -2.173092
4.717338 -2.728074
5.915946 -1.895363
-0.606787 -4.740050
3.798061 0.726182
-1.148664 -5.488017
3.180219 -4.181303
-3.356806 -4.246014
3.442472 -4.362920
3.985198 -3.210957
-0.019370 -5.045920
4.809083 -2.496238
0.353738 -4.841886
3.551033 -3.869038
3.461905 3.105824
-4.617121 -2.383284
4.192542 3.564845
1.010235 -4.742671
4.915374 0.554907
4.607259 -0.227453
4.600339 2.013847
4.523335 -1.247927
3.660036 3.078930
1.655787 -5.589559
3.933234 -2.540232
-0.144074 -5.629178
3.456350 3.697105
3.246932 3.261942
4.766050 1.582173
3.832826 -2.110333
5.449973 2.187453
3.909846 -3.388687
2.281360 -3.889897
-4.177328 -2.327567
1.871425 -4.108241
5.196376 -0.951483
-2.559185 -4.351157
5.014385 -1.157477
3.834690 1.984050
3.494266 -3.870660
5.268187 -0.911035
4.447457 2.850666
2.519786 4.313052
1.591500 -4.580111
2.848523 4.289740
2.549905 -4.667511
3.586004 -2.584036
4.797648 2.189660
1.493281 -4.817609
2.986214 -4.549151
-2.416445 -3.821180
4.305666 -2.059379
-0.248911 -5.118211
4.791885 0.527867
4.748626 2.478771
3.197727 -4.529667
4.797306 -1.618600
5.041187 1.721519
-1.735733 -4.693260
4.806939 -0.437723
0.961507 -5.972173
1.002865 -4.865541
3.550709 -2.817641
5.017702 -2.151821
-0.747485 -5.593839
2.880404 -4.466603
4.360763 -2.870431
-2.804914 -4.223803
3.541901 4.009814
3.131611 3.944359
1.298812 4.759130
-1.031550 -4.751779
4.572273 -0.662601
-3.988869 -3.429184
4.840849 0.269418
3.814186 -3.128338
4.459800 -2.519825
4.773104 -2.820517
-3.278067 -3.927381
2.679431 4.185966
-3.852972 -1.947652
4.820320 2.284536
4.607085 -1.106201
-1.843795 -4.663237
-3.207278 -3.638390
4.261743 2.959345
0.293812 -5.133234
4.546206 -1.557543
3.812727 3.614930
-2.567403 -4.131585
-4.459914 -1.605196
-2.657945 -3.703193
3.424014 4.309157
4.637064 0.261666
-2.874994 -4.779874
5.076894 1.822062
-0.446042 -5.259814
4.924355 0.636651
-3.936047 -3.579886
4.692612 0.678430
3.746424 2.932980
4.638970 -1.035795
4.464364 0.616002
-3.558919 -3.192701
1.981761 4.441943
-4.498300 -2.964041
1.495434 4.734537
-3.720701 -2.195031
-0.661404 -4.644310
5.049177 1.377929
-0.205330 -5.251599
4.951819 0.066770
5.034365 0.629039
1.837907 4.204571
-3.211995 -3.661007
2.180068 -3.888190
-3.822671 -3.714663
3.047607 3.839701
-1.860502 -4.494964
1.254231 -4.808657
1.100738 -4.957976
-4.705045 -2.444814
4.329854 -0.035305
-4.195248 -2.861382
-4.054270 -2.552518
3.307054 -3.351495
3.378529 3.898318
4.734016 0.140431
3.546708 4.191193
3.879064 -0.860811
-3.257427 -4.205847
5.225096 1.502869
5.185237 2.123248
-0.969012 -4.768789
4.736766 1.502753
4.289985 1.601709
2.356611 3.851973
3.559304 -2.859118
-5.127011 -3.390011
5.340167 0.049426
5.038226 -2.073780
-1.972899 -5.099320
5.033722 0.790185
-3.641279 -1.357931
1.953161 -4.722250
-2.962680 -4.581259
-0.928939 -5.122624
-4.981283 -2.966119
-2.195744 -4.823218
-3.772916 -3.568225
4.258468 -2.766497
5.075676 -1.572231
2.846418 -4.118584
-1.477159 -4.605230
3.272727 4.272534
5.242260 -0.955404
4.866055 2.839375
4.419272 -2.422414
2.666840 -3.957566
-4.897668 -3.079092
-1.534302 -5.012536
2.564331 -4.624347
1.102982 -4.695489
0.767719 -4.706196
4.632808 -2.433118
-3.322012 -3.298458
-4.875625 -2.167377
4.226843 3.673552
5.180809 2.083319
4.242821 -2.605608
-1.124975 -5.335136
2.544726 -4.268308
3.749949 2.426157
2.759702 3.653027
5.763848 -1.913639
3.316980 3.101928
4.663991 -0.869077
2.349667 -5.092173
2.782095 -3.817898
2.361546 -4.628723
-2.200591 -3.841197
-0.416572 -5.090571
-0.605282 -5.258093
4.222506 -3.508624
3.918486 -3.164682
-2.846814 -4.864961
4.774923 -3.113213
5.112824 -1.185061
5.001027 0.408547
-4.745689 -2.880449
2.183788 -3.503078
-3.354703 -2.715089
4.515936 -0.385746
2.999855 -4.126541
-4.391765 -2.613041
4.275500 1.308026
-0.683929 -5.318102
1.429910 -5.602045
3.068698 3.183887
-1.424292 -4.764743
1.493404 -5.364587
-3.379309 -3.511054
2.378378 4.409471
4.486415 1.723036
0.977134 -5.622699
1.189227 -4.521983
-2.608034 -4.146856
-2.336647 -4.620662
2.819344 4.339077
-0.318710 -4.543124
0.667156 -4.969108
-2.244557 -5.055409
4.557252 -1.618659
-1.937285 -4.245361
3.855900 4.310822
1.636005 -4.635627
-2.139658 -4.774912
-3.638906 -3.192681
3.577935 2.742265
-2.484260 -4.699681
-1.771438 -4.630810
5.288479 -0.959812
-0.075738 -4.951947
3.797138 2.784679
4.117299 -3.162905
4.364998 -2.523795
0.969518 -5.631456
3.626625 -3.841690
-1.610661 -5.131126
-1.761674 -5.211279
-1.870715 -4.728244
4.479378 -2.160100
5.256599 1.338028
-4.047347 -2.134578
3.675116 3.085503
3.069824 3.587313
4.731983 -0.915325
5.697830 0.599698
4.047705 -2.650782
3.606682 2.180017
-0.381573 -4.634587
0.232380 -4.853348
-1.929881 -5.407299
-3.505175 -3.065583
1.973558 -4.765149
4.273798 2.550704
4.388308 -3.780834
3.428832 -4.012344
4.664943 -0.591358
-0.889250 -4.928576
4.068854 -1.142498
4.122123 2.827886
4.923145 -0.070598
4.825948 2.794148
-2.719166 -3.926152
4.848995 1.333850
5.104789 -0.506038
1.442011 -4.700118
3.015397 3.196976
4.430554 3.145326
-3.314787 -4.814238
5.023758 0.244203
-3.506195 -3.368307
4.950878 -2.335879
4.490841 -2.775370
-0.291556 -4.525457
5.287904 0.102659
2.761832 4.481328
0.183228 -5.088939
4.399324 -2.304789
0.506123 -4.599153
4.844438 -1.182827
5.015048 0.695308
4.097951 -3.365526
-0.119408 -5.067446
-3.900695 -3.119699
-3.343389 -3.756885
-3.636374 -3.731640
3.707108 2.991014
0.515098 -4.962723
3.160180 3.340862
3.306937 -3.814695
2.208749 5.023507
-2.888627 -4.320437
-2.723969 -4.569802
3.263174 4.281572
-3.725981 -2.790799
5.082785 -1.839469
4.467806 0.144381
4.929590 1.864437
4.928886 1.676609
4.632230 -1.583643
3.687542 3.227171
4.800926 -2.079420
2.108047 4.171402
3.350636 -3.681826
3.457674 -3.881473
-3.248133 -3.361069
-2.901705 -3.733666
5.026762 -1.325590
-2.038756 -4.354287
-4.165829 -2.034838
4.957281 1.593752
3.663572 -1.865181
5.133478 0.197122
5.090559 1.612750
-3.422611 -5.102395
3.159286 -3.787293
2.744232 4.872191
3.328593 3.738112
4.148992 2.632037
3.945021 3.549874
5.669086 0.483839
-2.068481 -4.579075
-4.561050 -3.340911
0.406985 -4.683259
-0.111490 -5.468557
2.655083 -4.298866
5.261565 1.674131
0.993276 -5.032978
-0.599782 -4.648408
-3.489923 -2.983628
2.417745 4.554315
5.177016 1.015220
4.380668 1.732308
4.454315 2.465065
4.179640 -1.745885
5.119245 2.013155
-1.342679 -5.327704
-3.684402 -3.839124
-1.561356 -3.927813
3.580089 3.445775
4.339527 -3.471722
-3.805104 -2.759702
-3.076972 -3.182531
-4.099667 -3.693856
3.426295 2.655477
-0.005357 -4.798325
-1.713939 -3.954081
3.542787 3.678364
3.286137 -3.598068
0.541164 -4.751089
3.643690 -3.463596
4.446652 -2.205404
1.492103 4.431934
3.331503 3.875071
-2.643622 -4.216474
3.557881 -3.693441
-5.169178 -3.355736
3.846596 -3.125023
3.457164 3.548857
5.277783 -0.167782
2.448532 3.644475
-3.979578 -2.855061
-1.576329 -4.880139
4.877361 -2.229794
3.896407 2.385469
1.716263 -4.907088
-4.118052 -2.742658
-3.391719 -4.413006
-2.929310 -3.291863
-4.275243 -3.605169
4.581755 -1.952768
4.633537 -2.650512
1.913331 -4.375519
3.479523 3.869739
2.769911 4.414605
3.172190 3.080900
-1.910932 -4.837775
4.252690 3.193425
-0.771017 -4.916144
4.718552 1.724617
2.100202 -4.943944
4.505135 -0.543865
3.159204 2.459664
-3.936127 -2.904335
0.656390 -5.168829
4.610174 2.974453
3.882099 3.425709
-3.247449 -4.112195
0.469695 -5.222196
0.389332 -5.296954
3.729778 -3.462619
4.140112 -2.143509
2.453025 -4.717411
4.914272 -2.179801
4.381204 0.645688
-2.815486 -4.051976
4.541530 3.488863
4.655603 2.839119
3.725629 3.318652
3.331727 3.930690
5.179829 -1.257475
-2.384602 -4.214923
4.041028 2.765335
-0.856412 -5.577310
4.776247 -1.948714
4.624695 -1.051366
0.164219 -5.022489
2.730148 4.309212
4.542466 2.153175
4.575099 -0.067422
-1.752677 -4.628378
4.726924 1.770181
-4.012960 -2.765916
4.252052 3.438046
-1.584732 -5.051322
5.136670 -0.439555
-0.092351 -4.884425
-1.015026 -4.819622
5.939947 0.860406
4.691456 0.423684
4.694842 0.544049
4.600945 -1.091472
1.144560 -5.210866
4.007506 -2.879476
5.281162 -0.576480
2.785906 4.380876
1.222589 -5.424032
-2.488831 -3.767886
3.622992 -3.863001
-3.703326 -3.594883
3.235327 4.328373
-1.129821 -4.865770
-2.055376 -4.596421
-2.684899 -4.319771
4.734286 1.599987
5.360786 0.087153
4.342481 -2.631515
3.677096 2.373265
3.468946 -2.265304
3.337234 -2.973333
3.239634 3.910857
4.971590 -1.879790
4.885557 -0.712305
4.586555 1.924010
3.488918 3.021943
5.253273 0.736551
-2.858640 -3.523609
4.751476 -1.038451
2.562878 5.398741
-5.232292 -1.612090
4.541957 -2.936068
4.031301 -2.303297
-0.049036 -4.629249
-4.854075 -2.596450
5.157470 -0.923167
3.554035 -3.428982
5.285500 0.238016
1.908838 5.325441
-0.966960 -4.681552
-1.844447 -5.415091
4.880012 -2.598434
4.054827 3.497296
2.283282 -5.446891
3.532190 -3.256199
2.980287 -3.599975
3.034010 -3.495587
3.245185 4.699956
-3.606464 -3.892803
-2.438591 -4.505293
2.853280 -4.881815
4.417457 2.473392
1.857176 -3.828756
-4.409100 -2.750292
5.374701 0.724684
3.763100 2.682823
3.405080 -4.035993
1.967207 -4.659206
5.486748 0.818486
4.883154 -2.779792
4.733996 -0.205905
2.820884 4.736381
2.903484 -4.004334
1.446476 -4.021465
2.352909 4.350695
0.981593 -5.470490
3.745336 -3.629308
4.879455 -2.493945
1.284385 -5.173788
-1.845006 -5.113149
-0.219092 -5.082582
3.960028 3.398417
3.821426 4.316052
3.249154 3.452471
-3.271660 -3.744417
-0.477683 -4.521249
4.841287 -0.039606
3.699955 1.089728
-2.983741 -3.296951
3.739394 2.965798
4.313369 3.298432
4.912712 0.107634
-2.161890 -4.669840
3.471012 3.881153
3.544961 -3.376671
-0.640101 -5.146710
4.676182 0.311934
1.980699 4.234786
4.506471 -3.173745
4.482900 -1.352710
4.581860 1.430608
1.196082 -4.267481
-2.726294 -4.386509
-2.216123 -4.660186
4.283680 2.039442
-4.146678 -3.377389
-3.023634 -4.396517
-4.680076 -2.397974
-4.470135 -2.927610
4.907278 2.508138
-3.966102 -3.157603
2.201852 -3.803485
0.065262 -4.703107
-4.074997 -2.582150
-3.627072 -3.487761
3.907003 2.092309
2.746938 3.763754
2.682890 -4.192597
3.002949 -3.116985
-0.654039 -4.974612
3.842686 1.523298
4.630365 0.378975
2.147454 -4.658506
2.719819 -3.723747
4.767450 -1.254587
-3.111868 -3.385144
2.258555 -3.784003
4.751458 2.866070
-2.272003 -3.716842
3.990785 -2.216343
4.885914 1.101718
-4.040735 -2.843217
2.847559 4.644597
3.694327 3.288243
3.984117 -2.832956
-3.012033 -3.876997
-2.124581 -5.240253
2.237696 -3.083391
4.765091 -1.302008
5.361867 -0.139821
2.977929 -4.903099
2.296984 -4.677807
4.784819 2.873855
3.221818 -4.025927
-1.159437 -4.415073
4.356472 -2.916686
-0.907054 -4.637644
-3.810717 -3.715352
3.345240 -3.909357
-3.576101 -2.361573
-3.833098 -2.070970
-2.425235 -3.776771
0.024153 -4.810091
4.929466 2.700134
4.998387 -0.927377
3.347583 -3.609864
-2.645937 -4.029426
1.861100 4.110295
-4.191154 -2.343364
-1.078013 -5.070695
4.322844 2.237406
5.044041 3.500923
3.947399 -2.586411
-1.589501 -4.420974
-2.603306 -3.647993
5.184376 0.048668
4.716856 1.931629
-1.424211 -4.623262
0.903482 -5.244420
3.474730 -3.781811
4.872997 -1.799697
4.325702 -2.906397
1.562240 4.770265
4.501510 1.562859
2.781126 4.548374
1.820178 -4.537181
4.180278 0.739489
-1.596805 -5.033504
3.302532 -2.439595
-4.545909 -1.810768
4.384570 1.498820
4.397658 0.841660
4.652486 -1.507156
5.228713 0.462128
3.013750 -4.574219
4.975967 0.545291
-1.463811 -3.433672
4.186434 -3.449574
4.323495 2.908880
4.463091 2.145885
2.490896 5.385144
2.153459 -4.664777
-3.095069 -3.930502
-0.359694 -4.733172
3.061688 -3.158563
0.627707 -5.594184
-2.923902 -4.120403
-1.865944 -4.274547
-2.531408 -4.364971
4.949319 2.358644
-2.825161 -3.254397
5.008583 0.802625
4.645063 0.797722
-4.291920 -1.862730
5.042018 -2.077684
-4.261459 -3.033055
-0.335915 -5.257774
4.067603 -2.944204
5.159047 -0.419787
-1.130699 -5.239094
1.774728 4.147050
4.012770 -4.494434
4.628182 -1.712576
4.588676 2.443930
0.828066 -5.128003
-0.585527 -5.144515
2.845776 3.346813
0.138442 -4.838465
-4.293349 -2.474141
5.292989 -0.886611
4.652708 0.210394
-4.328891 -1.900520
4.927365 0.693400
-0.919751 -4.626447
5.333448 0.198778
4.064526 1.777535
-3.643339 -2.933413
5.457522 1.271670
4.271174 -2.424460
-4.270535 -4.058155
-0.646142 -4.998554
-4.415275 -3.186749
2.118599 5.318103
2.737844 4.504212
4.465060 -3.169282
3.696533 3.596963
1.683662 -5.018831
-0.396964 -5.377623
-4.611830 -1.454787
-0.605980 -5.661909
4.652416 0.899515
4.258588 2.543074
-2.007219 -4.159633
4.513957 -1.074312
3.221540 -3.573772
4.916202 -2.808084
4.307900 2.037278
-2.765827 -5.000041
-2.789925 -3.339458
4.787952 2.240611
-4.396489 -2.573630
2.139588 -4.343754
4.477050 -1.336027
-3.002217 -4.367532
-2.923667 -3.885022
-1.942948 -5.260517
4.596323 -1.658756
3.259086 -3.088045
2.917294 4.264297
-2.998168 -4.085553
-2.381807 -4.978159
-0.501255 -5.138499
4.539915 -0.582163
0.977710 -5.598032
5.052165 1.123013
4.596535 -3.649939
2.697291 -4.363332
4.841939 -1.877110
1.260489 -4.582910
-0.079301 -4.782827
4.982319 1.857306
-4.666637 -3.036729
3.432307 -3.919015
3.519256 4.844091
1.959743 -4.527895
2.677907 -4.426174
3.798596 -3.385378
-0.423536 -4.813354
-0.416359 -4.941576
-4.496332 -3.153197
4.263768 -3.706990
-3.319424 -3.438678
2.800291 -4.780820
-4.031879 -4.348265
4.388391 0.068122
-2.625818 -4.749363
-2.885331 -4.019041
-0.964234 -4.682855
-1.413289 -4.446103
-2.727525 -4.214266
5.146989 0.553044
2.525440 3.535448
5.140770 -0.996177
3.547651 4.331718
-0.221418 -4.919347
1.809361 -4.993773
4.353936 -0.044999
-3.546417 -2.250693
5.182950 -2.092959
-1.238897 -5.033831
5.368284 -0.741191
-2.077161 -3.690336
4.781217 2.081239
4.780181 -1.072182
5.049268 2.469493
4.446688 -2.314739
4.111065 0.305233
4.746475 0.815910
-1.213696 -4.593881
-4.363969 -3.765523
4.488539 1.719784
4.679911 -0.416479
2.051799 4.608843
-1.073579 -5.011505
-3.139657 -3.466612
-0.114478 -5.125303
-3.290730 -3.434397
2.276626 -4.534013
2.902796 3.954693
-0.206776 -5.467223
5.536991 -0.004283
-0.732711 -4.194554
-1.949135 -3.990591
-1.559296 -4.702571
4.854978 -2.111130
1.184768 -4.104559
3.032374 4.854915
-3.725440 -2.829973
5.224103 1.295409
-2.977363 -3.396308
4.869634 -1.963073
3.636046 4.004962
-2.630610 -3.556279
-0.569822 -4.786073
3.517257 3.980721
-2.749135 -3.802735
3.726748 -2.430883
-8.108755 -4.927385
-2.261502 0.431612
-1.622289 -0.017257
-8.052857 -4.897825
-8.436480 -2.124915
-2.962452 1.385571
-7.512455 -0.398552
-5.301046 1.580863
-5.531551 0.465825
-1.887598 1.182932
-6.963395 -7.869766
-7.092716 -7.562873
-7.592518 -4.528550
-5.990551 1.213409
-0.189015 -0.453612
-8.906680 -4.458392
-4.778514 1.039491
-5.199058 0.603765
-6.612093 0.051784
-6.084589 1.240471
-6.019498 0.553449
-1.884815 0.645125
-6.243203 0.855784
-8.622588 -5.713877
-7.953192 -6.492849
0.187298 -1.070304
-6.976501 -7.747721
-1.373228 0.497965
-8.700206 -5.142348
-1.471242 0.900317
-4.580862 1.004948
-8.758128 -4.266398
-5.533645 0.642778
-4.372235 1.172033
-1.694680 1.416729
-9.139885 -4.300199
-6.274369 0.389073
0.105449 -0.690797
-0.305079 -0.230918
-6.222556 1.749416
-0.120553 0.213968
-8.204779 -6.549236
-9.158818 -4.643426
0.420136 -0.063369
-7.700398 -1.303932
0.495693 -2.061445
-0.370744 0.626546
-8.168703 -5.252623
-6.980302 0.286248
-8.300032 -5.807139
-1.812619 -0.124124
-6.195782 0.790100
-4.086666 1.189516
-4.818210 1.001667
-8.723313 -3.410145
-7.402733 -6.795170
-5.993060 -7.497854
-6.413996 -8.272908
-8.208598 -6.107143
-9.655022 -4.409643
-0.799971 0.941772
-6.722080 -7.205169
-4.998363 1.210226
-5.092925 -8.479886
-9.315718 -2.527872
-0.413297 -0.165569
-5.587146 1.136435
-8.149235 -6.077348
-1.368409 0.313144
0.458080 -1.553636
-7.727177 -1.083163
0.545988 -2.464396
-1.205956 1.546898
-8.425749 -1.851786
0.845994 0.135967
-7.400920 -7.946729
-8.662434 -3.561549
-8.414049 -2.749506
-5.484243 0.922953
-7.593417 -0.524393
-8.116945 -3.377007
0.660968 -0.338403
-6.892355 -7.707248
-8.123140 -1.709823
-8.033626 -6.990070
-0.189742 -0.286246
-7.944517 -7.609031
-2.251158 0.788450
0.263608 -0.866646
-8.076047 -2.955028
-8.732383 -3.481072
-7.575603 -6.459227
-8.504865 -3.955490
-8.528560 -1.202769
-8.564442 -3.509163
-7.822647 -0.499206
-6.406672 -8.453117
-7.905682 -0.349889
-1.116103 0.841024
-2.543256 0.740121
-8.903144 -2.711631
-1.736513 1.504806
-7.651431 -6.880176
-6.884004 -7.819063
-7.711591 -0.997516
-8.349070 -6.098948
-8.493910 -3.975803
-7.883885 -0.360226
-0.695693 0.323241
-8.899490 -4.523532
0.424226 -0.935907
0.091069 -0.331794
-3.346505 1.110919
-7.774271 -6.976574
-8.661726 -3.086970
-7.196393 -6.151884
-7.750141 -0.409636
-9.396473 -3.643468
0.479867 -1.273250
-5.564519 -0.052534
-0.514246 0.624861
-5.362407 0.478450
-5.999396 0.270924
-5.129266 1.041891
-8.391911 -2.403314
-7.897059 -5.726169
0.160929 -1.440161
-5.390811 0.402634
-7.527764 -0.741201
-2.316670 1.143005
-6.230654 -7.677117
-0.872265 0.279489
-1.598970 0.563515
-6.870986 -0.580204
-8.141560 -4.244764
-8.955686 -5.580868
-8.286034 -1.335169
-8.457878 -3.974389
0.954108 -0.914158
-7.744075 -1.987282
-4.132392 1.225025
-0.121315 -0.535722
-0.610508 0.333955
-0.288662 0.786740
-9.114331 -3.578897
-7.171249 -0.866977
-2.235237 0.618022
-1.308567 -0.154133
-3.867444 1.219130
-9.001769 -4.624771
-8.209643 -4.622090
-8.715035 -0.813988
-8.918848 -5.466097
-4.721373 1.657678
-7.189404 -6.979237
0.098227 -0.227656
-8.604582 -5.172474
-7.438240 -0.751023
-2.059662 0.625663
-5.832887 -8.241910
-5.518492 0.760976
-7.118874 -7.257836
0.635007 -0.861846
-2.610522 0.651052
-1.894529 0.697481
-7.765929 -0.253993
-3.232241 0.942887
-0.654245 0.355683
-7.660194 -6.068691
0.001033 -1.752811
-5.850439 -0.154458
-6.730150 -0.199395
-1.321080 0.012654
0.190269 -0.392444
-8.525881 -4.479658
-8.309517 -2.281744
0.952853 -1.355270
-6.012897 0.825120
-5.073470 0.986896
-5.553179 1.465547
-6.003661 0.646785
-8.628328 -3.735680
-6.148476 -7.614437
-9.070957 -3.403054
0.480102 -1.688611
-0.211673 -0.075849
0.500392 -0.651646
-6.229256 -8.736262
-6.748942 -7.398735
-2.556813 1.791953
-1.386857 1.948196
-3.905765 1.688853
-9.216620 -6.043672
-7.112131 0.044227
-1.188969 0.895454
-6.175944 -8.182913
-8.566046 -5.108809
-1.913647 0.556453
0.688700 -0.475068
-8.113451 -2.474877
-7.410358 -5.807357
-7.516773 -6.788088
-3.419818 1.462497
-3.215080 1.188767
-1.299744 -0.018831
-7.122278 -0.307058
-9.000453 -5.204488
-0.249556 -0.071001
0.855618 -1.035372
-5.057252 1.084131
-8.204562 -1.525416
-8.897850 -4.837176
-6.786649 0.409575
0.013813 -0.919513
-3.792914 0.974996
-0.810634 -0.100071
-0.922817 0.752319
-7.731118 -2.390930
-5.439513 -8.300170
-1.152074 0.412533
-1.503831 0.400913
-0.264111 -0.456621
-8.670400 -5.299297
-6.201257 -8.907896
-8.929692 -4.702178
-6.303279 0.230260
-8.282809 -5.674276
-8.584300 -5.098539
-8.458707 -3.606432
-7.026176 -6.827274
-2.787359 0.746663
-8.377802 -3.200054
-0.337809 0.066235
-5.212965 0.634617
0.666608 -0.337934
-6.360430 0.011581
-4.592179 1.287371
-6.738602 -0.090114
-2.702159 1.039956
-7.825048 -1.689821
-4.325482 1.150750
-5.049448 1.263087
-6.246055 0.367758
1.372828 -1.403991
-7.997706 -0.701407
-9.477033 -4.957629
-8.490246 -4.888584
-7.213403 -7.223371
-3.558921 1.232809
-1.326104 0.609754
-8.835725 -2.236782
-7.786933 -0.875312
-2.753622 1.246144
-8.261410 -1.005244
0.014117 -1.059886
0.241062 -0.729093
-8.651816 -5.613417
-5.101730 0.418993
-7.950977 -4.263896
0.615783 -1.417200
-5.980198 -7.861539
-8.627503 -2.133221
-8.230394 -1.598674
-2.950093 1.205545
-7.802769 -7.339835
-8.258532 -6.691115
-1.796088 0.260245
-5.963931 0.765812
-4.482902 0.752929
-8.638317 -4.379328
-7.594937 -6.810931
-8.942449 -3.187045
-1.836076 1.545763
0.599389 -1.702745
-4.284742 1.191404
-7.581343 -1.006033
-3.422675 0.668234
-1.657394 0.482128
-2.902930 0.976986
-3.040651 0.710735
-8.356294 -3.025437
-0.094053 -1.906519
-8.580774 -4.400339
-7.341895 0.930837
-8.947288 -3.887991
-8.941656 -3.132554
-7.385423 -1.511496
-4.619032 1.711043
-3.609985 1.260826
-5.543975 1.084905
-6.308706 0.328668
0.178596 -0.833772
-2.334117 0.872165
-0.675307 0.008700
-8.024785 -2.010283
-6.966345 -8.036120
-4.115299 0.843720
-8.221876 -4.112921
-6.395173 -0.382262
-8.529204 -4.938163
-6.292280 0.948929
-2.980456 1.406264
0.149804 -0.631857
-8.280347 -3.407135
-6.218809 -8.230886
-5.920861 0.655934
-7.373688 -0.835053
-7.561815 -7.721216
-9.159797 -3.167988
-6.883333 -0.181567
-2.973935 1.332467
0.207874 -0.421424
-7.639404 -6.224644
-7.041844 -0.336627
-8.218014 -5.737931
-7.108838 -4.176012
-2.382205 1.066072
-6.527993 -7.854935
-3.269742 1.524483
-7.968173 -6.294593
-7.201041 -7.902900
-7.465724 -0.320392
-3.692354 1.206073
-5.481663 1.257163
-7.889643 -0.722067
-0.181660 0.237321
-6.296340 -7.957070
-5.438313 -8.044338
-6.913525 -6.870973
-8.389480 -4.567105
-8.115882 -1.540281
-8.800404 -4.476694
-9.125759 -3.243539
-7.502853 -1.422796
-9.048107 -2.748391
-6.762800 0.533271
-9.116644 -4.156092
0.436421 -0.314101
-7.874820 -0.979536
0.182966 -0.875665
-8.647315 -1.851471
-7.594337 -0.275807
-1.077807 0.001188
-5.329024 -0.084439
-8.562571 -1.667996
-8.420587 -4.304704
-7.276754 -0.480139
-8.301324 -4.669808
-8.047498 -6.488936
-7.246901 -0.953067
-7.310057 -8.641299
-7.049782 -8.146394
-7.454154 -0.819711
-8.049009 -6.989167
-5.870329 -7.939876
0.889447 -0.869151
-1.893565 0.501977
-1.430062 -0.213519
-8.623079 -5.942756
-8.457914 -1.763312
-1.764616 0.401009
-6.102810 1.066003
-7.260896 -1.114606
-8.218410 -4.409744
-6.048675 0.000728
-8.452384 -4.260949
-8.796358 -5.135946
-9.069313 -1.012213
-8.381288 -5.916498
-2.299376 1.050320
-4.645746 0.763102
0.954831 -1.848615
-7.975894 -6.986196
-4.067335 1.757581
-1.876128 1.587439
-7.184374 -6.480979
-4.393583 1.165161
-0.548161 0.608374
-8.270667 -0.456011
-5.456971 1.407450
-0.742371 0.300512
0.510100 -1.493247
-2.454234 1.630044
0.608849 -0.797274
-4.764160 0.712674
-7.092137 0.679028
-6.109553 0.478380
-7.778954 -7.072645
-8.710476 -6.071677
-5.505705 0.433641
-7.596480 -7.201982
-4.489823 1.308167
-0.299861 0.208240
-7.362684 -7.966055
-6.213818 0.620458
-2.708925 1.096127
-2.152388 0.217226
-2.803631 0.937348
-8.451687 -4.467583
0.407886 -1.565324
