-0.622020 6.144891
-1.376189 2.710809
0.220203 3.926258
-1.798388 0.272897
0.650743 4.442124
-1.224739 3.969067
-0.590263 3.660755
1.487067 6.363867
-0.541923 4.235211
0.799757 4.073176
0.831523 3.063548
4.973829 -1.246084
0.569577 3.060003
1.111520 3.759689
1.674657 5.503091
0.638423 4.825950
4.252609 4.305033
0.788052 4.626815
-0.701020 2.887680
1.267874 5.143099
-0.589372 3.806887
4.934921 0.140373
0.076375 3.732615
0.103138 4.260993
-1.501102 3.562946
2.916346 -0.781919
3.798046 5.029955
0.971288 4.392947
3.641895 0.794075
-0.251985 3.917069
1.460681 0.010172
3.818470 -0.816405
5.479998 -1.007252
0.872994 2.721656
1.144599 3.645508
0.119314 4.262327
0.493650 3.660708
3.307562 0.448656
-0.263003 -0.592090
1.366503 4.718957
-0.717378 5.078471
4.120675 4.057423
1.700742 4.791951
0.416233 3.430530
1.113387 3.320188
-0.619581 0.467428
-1.597411 3.628988
4.389114 3.760414
5.344422 1.434733
-0.479464 5.937205
0.798280 4.532164
-0.493962 3.165456
3.953956 -0.292760
0.860991 5.094083
-0.594975 5.191822
-0.720957 4.971360
1.293538 4.659613
0.593070 3.755945
3.376399 5.071907
-1.624738 5.490857
-0.377592 2.679898
0.574686 5.206270
4.781262 0.171453
3.698773 1.288476
0.585821 0.500348
-0.705168 4.164418
1.654135 4.169373
0.293339 4.537604
-1.258505 4.490552
-0.102663 5.112571
0.192289 4.911333
-0.192207 2.942932
-1.627707 5.280684
-1.740665 4.862890
-1.681574 4.706078
3.282665 3.701111
3.593776 4.319179
-0.111578 4.694023
-1.296896 4.551183
4.438364 0.278947
2.879929 0.036499
3.691005 4.080784
0.142611 0.511394
4.855893 1.061621
-0.714080 4.351239
-0.462074 4.386644
0.526767 5.104123
-1.709099 3.387604
1.582091 4.656319
4.649983 1.272346
-0.594492 3.551011
-0.140332 2.813982
5.226789 1.511897
5.536966 -1.950446
2.582096 0.241144
-0.289737 2.634859
0.591696 5.084030
-0.310413 4.122313
-1.279605 5.515058
3.945259 3.457258
0.333110 3.499856
-0.524262 5.512513
0.475427 2.758263
3.394855 -0.641010
0.261613 3.301881
-0.084885 3.712549
4.052303 0.011161
1.024549 4.313043
-0.327814 4.389024
-0.149181 4.031017
-0.451280 4.817059
-0.151631 4.148297
-1.047691 3.918243
0.071172 3.375872
-0.559100 4.183298
1.104753 4.647841
-1.429556 2.965193
-0.144226 3.430641
3.595010 -0.047003
1.199862 3.529396
1.122423 -1.524399
6.763475 0.126902
3.250134 0.057360
4.394244 3.668104
-0.105372 4.010692
-0.341354 4.419293
-2.511723 2.183148
-0.575238 1.994568
1.419795 4.184305
-1.283617 4.128048
2.511553 -2.033133
1.611111 4.664462
-0.628224 6.370698
0.038893 3.989418
-0.686349 3.728457
0.445305 4.465468
-0.674162 5.674681
0.350951 2.416392
-1.531929 2.843566
0.372870 2.520147
4.329466 0.122015
-0.388618 1.977651
4.063762 4.797030
4.026663 -0.300780
2.987548 0.501982
-0.612499 3.985822
4.424048 3.358822
0.086918 2.102727
0.552627 4.325595
5.042195 1.161981
3.265356 -0.726765
3.276147 -0.064213
4.218969 1.659835
-0.044555 3.983251
-0.056046 1.204831
-1.029329 4.300656
3.606496 3.860699
-0.055650 3.461080
3.847819 3.869115
-0.047715 -0.114232
5.557365 -0.267200
1.934433 4.426229
0.286654 2.746422
-0.188778 4.588316
3.022431 -2.039261
1.040551 2.993397
-0.352733 2.420425
0.415883 2.452242
-0.905080 5.411064
4.855592 -0.028706
0.033875 3.800896
0.462273 1.835176
-0.857349 3.943186
0.742793 5.793133
0.831510 4.352254
4.821331 -1.356815
4.401441 -1.254499
5.275008 -0.656974
1.374821 5.465593
3.469306 2.567622
3.670902 -1.348285
4.812523 1.105851
0.736722 2.984892
-2.252714 5.634328
4.516511 0.052185
0.627785 4.427315
3.754643 3.323963
1.302729 3.004675
-0.031239 6.964050
1.218382 2.748715
0.290382 3.091938
3.959154 4.066493
2.020228 0.331867
1.080515 3.477837
5.514285 0.638282
-1.831043 4.399671
0.170643 4.001485
-0.691217 2.118860
-1.215861 1.267500
3.803794 -0.832670
0.676688 6.308730
-1.950280 3.745848
2.509063 -1.898483
2.046173 4.374599
-0.886733 3.618627
0.516186 4.263883
0.873743 5.820876
-0.141162 2.943470
3.998019 -2.102044
0.924098 5.650739
0.786886 3.357840
-0.210651 2.663931
3.801095 1.417498
0.267790 3.131622
0.339239 4.458633
2.692536 -0.667691
-0.018610 3.149231
5.825721 -1.155838
4.348610 0.797996
-0.456414 0.454865
-0.056886 2.504344
0.475128 3.320833
0.218862 0.797961
-0.656292 5.027142
0.235403 3.931467
0.750736 4.589577
-0.121291 3.878749
-0.305962 -0.506576
-1.244254 5.250460
4.428632 3.621247
1.350825 -1.586218
-0.745001 3.987731
0.624547 2.745614
-0.320045 4.148504
0.174925 4.536400
2.766584 0.651014
0.422769 5.129369
5.481884 -0.591661
1.864645 0.492137
-0.722152 4.249852
0.049975 5.632845
-0.957433 -0.909879
1.252267 4.919464
-0.173775 3.821520
-1.140111 3.856202
4.875693 0.609426
-0.501822 3.443511
3.708484 4.152708
1.800777 4.816181
4.895819 3.882849
0.764400 3.475112
1.318956 3.381812
0.277536 3.264348
4.248038 -0.346137
0.032416 5.353007
-1.138769 3.808388
0.851055 3.010403
-1.124777 2.504206
-0.617823 -0.256393
2.372695 -0.986319
-0.791959 3.283844
2.789303 3.835016
0.247602 -0.568807
0.018495 0.719330
2.630455 3.628189
-0.420439 3.527030
-2.398834 3.859392
-0.565904 5.430661
-0.125686 4.256765
2.342061 -0.378230
-0.290160 4.248757
0.191504 3.585908
-0.043467 3.411153
-1.378607 4.453479
0.085400 3.136684
0.460623 -1.136638
0.185749 2.624081
4.596911 -1.140286
3.580068 -0.328691
4.421895 1.934403
3.870824 0.023522
-0.651224 4.543813
0.018148 3.841358
0.270950 5.555265
-0.723709 3.057477
3.178202 0.841953
-0.392311 -0.333457
0.061481 4.372429
-0.012934 4.524828
2.440384 -2.295799
2.459280 0.912129
1.187141 0.982312
-2.037357 4.151577
0.197260 5.089346
0.462022 4.729942
4.331786 0.077717
4.821994 -0.198510
-0.314915 -0.624868
0.445319 2.899153
0.440248 3.750088
4.605930 2.474558
4.945806 0.753432
4.950483 3.731983
-0.563614 0.863137
1.317352 4.628947
3.797442 -0.332568
-0.888940 5.119481
3.902720 0.676629
5.451967 -0.234642
4.137804 -0.556228
-0.155520 3.265258
3.230803 4.228926
-0.125242 4.797136
1.936031 -0.747417
-0.036131 4.866927
-1.364677 3.806881
5.073547 0.400220
0.722781 4.829899
-0.648989 3.646658
1.273958 3.664546
0.424402 5.322474
-1.515117 4.747883
-0.866796 4.013932
5.303494 -0.636784
0.379700 3.117628
3.932785 -0.379479
3.288149 0.498529
5.718707 -0.654434
-0.407017 4.507672
5.493794 0.451874
3.676426 -0.265323
-1.042412 3.513247
3.928983 0.351545
-0.493700 3.383450
5.108266 -0.123872
2.353168 0.065378
0.236041 2.235014
0.112889 2.557046
-0.542642 3.872747
-1.554463 3.745138
0.386410 4.850412
0.652332 4.075744
3.518387 -0.859898
-1.002430 5.878558
-0.692585 3.693198
-0.193773 4.653375
-0.621039 3.803005
1.440142 3.702686
0.448443 0.105346
0.484350 -0.060018
5.683574 0.361736
0.589727 5.134347
1.611009 -0.325570
4.154145 3.863882
-1.886690 4.733236
0.142515 3.985082
0.906426 5.004041
0.214132 3.180698
-0.759292 3.235730
-0.884036 4.544066
3.425238 -1.145611
0.798865 3.300176
-0.781947 4.348872
5.226801 0.642066
0.463095 3.767807
0.913266 3.915968
0.578080 3.362179
2.714856 0.411100
4.753570 2.081051
3.687843 4.009621
0.444310 5.667555
4.353676 3.453479
-0.099655 3.566765
3.823630 0.518046
-0.793684 3.438610
3.426066 -0.866615
4.922858 -1.294340
1.862398 5.800948
-0.331228 4.872545
-0.216742 4.255612
0.855669 4.528939
-1.516012 4.574795
3.581844 0.182940
4.055145 -0.266920
0.357576 5.445025
2.356409 0.286696
2.907076 -0.508861
4.748548 -0.568606
6.419407 1.904733
4.015287 0.561816
3.052152 -0.009292
4.892989 -0.837809
0.476508 4.217592
0.701913 6.256506
0.803576 3.765597
0.666206 -0.051755
-0.573187 4.813602
-1.503363 4.432865
-0.651075 5.520322
-0.753073 0.302345
-1.701816 4.927805
-0.064067 3.438576
5.110345 -1.968415
3.343956 1.294666
-0.656111 4.156638
0.024834 4.615026
1.186143 3.303670
-0.766618 2.754544
3.525372 -0.324528
3.494101 1.375282
0.911575 2.386670
3.270786 -0.199370
-0.776076 3.599108
-0.178025 5.523993
0.156165 3.931364
0.067935 2.343485
-0.782560 5.020141
-1.111229 4.885966
2.876833 0.976853
4.059160 -0.038290
0.115758 6.393145
2.254383 6.476875
0.248314 3.292241
1.535709 3.734125
-1.303380 3.102639
5.155448 -1.055518
2.170261 3.533570
4.026291 1.060268
4.484777 0.763746
1.912728 4.636111
3.808595 0.767784
-0.567037 3.635407
-1.773456 4.644299
-0.183114 4.810414
5.092270 3.814682
0.274780 4.086123
4.235563 -0.284187
0.830704 5.905059
0.268361 5.256488
2.949791 3.987281
5.119485 -0.549914
-0.770472 4.124119
0.243528 3.420939
-0.401457 3.910562
3.735071 -0.565761
4.251020 -0.043942
5.063566 0.108287
3.715588 -0.395443
-0.171988 5.141945
0.259259 4.805633
3.496820 4.027662
1.184617 2.737372
-0.009054 4.980461
3.956627 0.495989
0.279387 3.279624
0.427042 3.648551
0.220984 5.084714
-0.967317 3.827646
-0.875976 4.541472
-0.056433 4.120194
-1.045950 4.576011
3.851903 2.008855
0.136387 3.637073
3.458798 1.127905
1.091639 3.901292
2.557757 0.074577
4.287183 0.047012
-0.569802 3.165917
-0.732720 3.891020
-0.033365 0.022329
2.891731 -0.640347
0.900359 4.326010
2.097997 -0.655850
1.797935 3.042532
4.916033 0.174796
6.172833 -0.375922
4.776508 3.193762
1.808807 4.556058
3.784031 4.397694
3.919882 -1.655491
2.862328 -0.511108
3.275424 1.291619
3.832804 0.981349
-1.111917 3.929436
4.318439 3.951655
-0.762055 3.398966
-2.024331 5.668693
4.557524 -1.375390
2.905056 0.565066
-0.792622 4.414226
0.524044 3.234749
0.651159 3.684713
-0.094614 0.040970
2.805838 -1.378825
-0.298671 3.845590
-0.140085 2.955387
-0.400884 3.523161
4.010133 4.489048
-0.801030 5.416427
3.584853 -0.840831
2.043286 -1.276296
-2.246897 4.325421
3.177486 0.570582
4.713584 -1.392716
5.354701 -1.736355
1.010669 4.521001
0.984008 3.252155
5.057313 0.225070
-0.930270 5.166850
3.798138 -0.236130
0.895361 4.118704
1.150702 3.168080
2.367016 4.667826
2.234987 3.961723
1.281435 5.466890
4.106453 3.261954
0.307472 1.612360
3.631328 4.032143
0.804222 2.843892
3.134186 0.972609
-1.088480 4.292295
3.011584 -0.463639
2.772421 -2.833914
4.473188 1.512061
2.085828 1.902208
1.375247 3.901139
0.896905 3.811691
2.915747 0.157162
1.728436 4.273263
1.008197 4.567715
0.862024 3.706700
-0.320067 3.865746
0.204524 3.650927
-1.258527 4.791306
-0.903278 6.527749
0.380155 4.542421
0.497487 3.499212
3.133144 4.057620
1.492363 0.468327
1.056326 3.383522
3.321017 -1.510497
0.877414 5.492676
1.033585 4.475060
-2.014934 3.655203
4.454273 0.559983
-1.397661 3.836722
3.987658 -0.919414
3.978239 0.433202
3.408877 -0.404082
-0.259283 5.359717
4.858493 4.149207
0.798931 6.290454
1.619275 4.421987
0.716883 3.733857
-0.734963 4.403311
-0.182874 4.657888
-1.159262 3.564207
0.468972 4.151587
3.841500 0.864945
0.698685 2.020176
1.097981 3.007276
3.251978 -0.249097
-1.254992 3.827635
1.468518 3.311744
0.450586 3.148256
3.409919 1.707437
-1.045534 4.554720
4.176894 4.626299
0.450036 2.195334
5.438073 0.353317
-1.499522 3.179103
-0.223068 4.620350
3.588729 0.905501
0.763637 4.260652
4.074061 4.400864
4.439904 -0.052808
2.680737 -0.964744
3.448872 4.138567
0.208948 3.105232
0.055740 3.652262
3.685675 1.849410
0.381603 -0.433901
0.509543 4.977960
3.589421 5.207733
5.051636 3.818520
0.717038 5.226885
-1.825630 5.499166
-0.004243 4.079243
-0.053894 3.189096
4.073786 4.369264
-0.355573 2.933613
-0.639608 4.148954
3.846653 -0.424155
5.401115 1.497583
3.251401 4.231207
-0.239330 4.748426
-0.904672 4.706627
-0.200153 5.037079
1.399799 4.467806
0.708512 3.708406
2.269731 4.769368
-1.205286 2.953416
-1.592931 3.355205
0.114415 0.035598
5.260717 -1.227375
0.009377 4.119863
-0.196397 4.633652
3.580415 1.029169
0.337950 3.616686
0.550020 -0.175167
-1.359917 5.078782
-0.937706 4.841072
-1.111781 3.123340
3.969762 3.296644
3.233616 -0.542418
0.326461 2.943580
3.456705 0.248429
-0.414854 3.007131
0.355696 5.017095
1.359922 4.826777
-0.747837 -0.059875
0.252475 2.459636
4.880408 -1.156078
3.323566 3.118459
3.553550 -0.113829
3.302397 -0.135536
-0.298976 4.029398
-0.052812 3.934404
1.324906 5.173601
3.713184 -0.990133
3.320873 0.817611
-0.179374 4.635558
0.776315 2.863569
4.835218 0.523969
4.442544 0.015957
2.848243 0.452303
3.072235 0.051411
4.739670 1.184686
3.540792 3.550964
0.627320 2.920027
3.511783 0.583283
3.609662 0.660348
5.463416 2.183875
4.440674 -0.403990
-0.943355 3.312939
-1.704027 5.448854
0.759594 5.098648
-0.823614 3.070227
-1.963807 4.513661
-0.861629 2.532171
5.383097 -2.508426
4.065845 0.884548
-0.772789 2.463986
-0.757539 4.032865
-1.275188 2.335247
-1.230610 1.987399
-0.577381 4.882126
-0.598952 3.368922
0.359724 4.214014
0.090980 4.082230
0.197132 4.267847
4.626104 0.479358
3.304456 0.854777
-0.129435 5.408515
-0.992631 2.206844
0.051874 2.435394
0.398157 3.587320
1.833896 4.091774
-0.630383 5.372729
-0.205771 3.269192
4.189015 3.687770
-0.200215 3.192086
0.831869 4.959887
4.210882 0.943373
0.789364 4.207163
4.331705 -0.663344
-1.234925 2.778712
1.542383 2.670030
0.202319 3.500557
0.415709 4.339166
0.254704 4.562616
1.460961 4.344224
1.936968 -1.304138
3.043612 0.427709
-1.183214 5.183172
0.844281 4.329191
1.448881 0.940321
-0.247627 4.577690
1.910090 3.664739
-1.373739 4.084612
4.572519 1.424658
-0.793973 4.187357
-1.172816 5.322303
0.821322 5.060665
0.267775 5.176235
3.672296 -0.191092
-0.029804 4.680232
-0.654007 3.933109
-0.344755 2.260969
4.817484 1.446303
0.629306 4.906252
0.652485 3.827574
-1.006841 4.205015
0.837388 3.863400
3.251118 0.471775
0.444044 5.607575
3.008964 1.294196
-0.097107 2.172341
4.441735 -0.333218
4.512311 2.342841
0.281120 4.723163
-0.329226 4.682187
4.308822 0.838658
2.898618 -1.974681
5.105066 0.203591
0.620436 3.881793
4.574096 3.824346
-0.758736 2.947419
0.809518 5.381645
1.777905 -0.379001
0.947418 3.589454
4.250533 -1.138005
-0.535508 4.354512
5.382329 0.085626
-1.099567 3.544952
0.839125 4.176386
3.967900 -3.175266
0.660679 3.880703
3.147773 0.839730
3.932513 1.219203
3.939708 4.309929
0.239484 3.656083
3.534823 4.969966
3.518854 0.810416
0.021978 -0.954120
6.118552 -0.809893
0.219543 2.115525
3.871204 4.049381
3.200789 -1.749423
-0.835103 3.086480
0.672033 3.617985
-1.095048 4.053194
3.574292 1.294918
3.353905 1.573517
-0.103354 -0.496295
0.923547 3.478036
4.750975 0.570015
-0.460819 3.679635
3.864425 1.281336
5.142106 -0.937481
3.334253 0.305935
3.026156 -1.661064
1.349223 2.235799
4.429712 1.239885
1.178592 4.427971
-0.287740 4.907363
-1.559606 4.903282
-0.735113 4.268963
4.532437 -1.890042
6.270362 -0.079404
1.016087 3.810575
4.372298 -1.254286
-0.088524 2.924752
4.102277 0.171218
-1.345962 4.943885
-0.336427 3.040325
4.298956 -1.615507
6.000280 -0.478086
0.411926 2.956577
3.800041 0.831836
0.874005 2.696565
4.546492 -0.690341
-0.071508 -0.432815
3.169789 2.271773
0.739011 3.615976
4.816226 -0.975795
3.057519 4.048986
0.688615 3.782909
2.544888 0.274618
2.767080 1.145780
4.071723 1.003864
1.571970 4.217268
4.553489 -1.651742
3.364102 -0.682828
0.783360 6.288765
5.036373 5.023889
-0.044245 3.935094
0.413929 0.153577
2.596032 -0.072978
-1.418692 2.744280
-0.619904 4.206005
-0.100455 0.497328
-0.857667 4.585642
1.112829 3.477445
4.475070 0.200105
0.374299 3.586451
0.824574 3.060680
-0.540166 0.935030
1.250041 4.486857
-0.574141 3.806751
-0.200795 3.844511
0.681442 4.536003
-1.048264 4.314275
0.342040 3.424393
3.430413 0.608885
5.488463 -0.828694
-0.418737 2.373527
1.597935 3.736098
4.616383 3.468190
1.991194 3.589363
-0.363290 4.512063
0.454198 3.860117
4.409980 -0.567702
-0.670275 3.261748
-0.315534 5.863989
5.129676 -1.021957
-0.438585 5.175693
-0.171092 3.868427
-0.721215 4.593343
3.239162 0.980417
5.376076 -0.541568
0.661436 4.896537
3.471677 0.378119
-0.871200 3.061431
-1.140867 4.839942
4.248620 -1.015961
-1.349820 4.909438
3.027165 -0.038325
-0.087531 3.043007
1.865431 4.320434
-1.869420 5.264629
-1.169199 3.002750
0.360705 3.434737
1.180136 3.093458
-0.154921 4.565568
3.467325 -0.720161
0.160454 3.370791
0.316646 4.147787
-2.366069 3.010563
4.679284 -0.384279
-2.629713 4.941878
3.352292 1.666448
-1.039890 4.954340
0.594250 2.724974
1.372315 2.496841
-0.352632 3.031908
0.913417 5.004984
5.114611 0.241545
0.493657 3.620150
1.381551 3.383983
3.184798 -1.408859
1.157363 4.451301
-0.824877 3.161708
3.991188 -2.044609
4.600028 0.082934
4.140143 4.094029
0.262387 4.782646
-0.075080 3.924071
3.064557 1.014033
1.188350 3.247250
-0.072672 4.702034
2.662505 0.269109
0.729798 3.789127
2.184928 3.369329
5.292827 -1.802900
-2.011160 3.946158
-0.006474 3.748887
1.359148 5.226477
4.729363 1.077447
3.113787 0.261388
5.495523 1.839649
1.217059 3.814398
-1.059594 5.753152
0.953728 3.064873
5.269085 0.932078
3.757345 -0.675654
-0.508950 4.808529
0.741266 3.951959
1.633902 -0.614079
2.998834 0.610724
-0.145625 2.922183
2.483029 3.950861
3.848817 3.507071
0.455070 5.552952
3.811557 -1.026411
-0.092839 3.390190
0.790717 2.609562
-1.119276 3.487691
-0.621851 4.851826
3.542399 0.689567
1.083842 4.019902
4.241648 0.435707
4.372086 3.745871
1.020666 2.510365
-0.203036 5.379051
-1.214935 3.579355
3.537375 0.828061
-0.019968 3.568062
0.468215 3.245628
0.711956 4.138527
1.381015 4.278590
0.096530 3.541456
0.767432 4.067130
2.981943 -0.825163
-1.577409 3.663302
0.069645 6.196318
0.344236 3.175823
4.593145 -0.313968
0.220151 5.206493
-0.923283 4.461353
3.122130 0.212649
-1.106446 4.538688
-0.384689 5.261145
3.706096 0.666992
-1.607250 2.773919
0.312656 3.672463
0.552013 3.941006
0.440834 2.451607
3.814235 -1.463697
-1.024521 4.784401
0.792553 4.537134
0.184550 1.881626
0.983577 3.551728
1.342503 3.253426
3.842577 -0.787451
0.329326 3.175958
-0.287154 3.519491
4.027167 0.728791
0.663928 5.189601
-1.266204 2.344728
4.530068 -0.487780
2.158375 -1.057945
3.543640 1.050546
-1.485768 5.176464
5.261359 -0.667488
0.221287 4.974788
0.686957 3.973312
1.122640 6.224785
-0.735346 5.992299
-0.812982 4.540111
-0.823029 2.460394
4.410698 0.490055
1.218742 2.866280
1.403153 5.262513
2.867064 -1.950532
3.806479 4.235433
3.577923 1.384263
0.867414 2.420748
0.757517 2.646599
2.365006 0.165794
0.793591 4.060594
1.292626 3.674240
0.059893 4.811233
-0.514644 4.218359
1.660574 4.671662
1.233935 3.429601
-0.162706 3.204801
0.793095 4.808304
4.002557 0.899632
4.167809 0.154070
0.804722 2.739584
-2.816611 3.397231
5.945218 2.425253
0.165365 4.720811
2.593615 5.101475
0.666064 3.830979
0.446894 3.993359
4.404427 0.691060
2.414753 0.426412
5.534597 0.782800
4.503089 -2.445537
4.278217 3.971776
-0.249243 2.506000
5.380474 0.302796
3.840923 1.305885
3.942489 -0.287146
0.831232 5.559589
-0.323038 5.004536
0.241515 2.648636
2.122569 5.398663
6.746787 -1.229879
-0.279566 4.641045
3.491437 -0.391871
5.348792 -0.950551
4.981875 1.576078
-0.034369 5.084399
-0.061832 4.325242
1.909562 5.742494
-1.171882 2.242862
-0.840134 4.178378
-0.137385 4.189001
2.357032 -1.808542
-0.482401 2.543428
4.424557 0.244984
0.425154 4.617133
3.946956 0.240537
-0.426894 4.002540
-0.131905 3.887983
3.860488 -0.356402
1.022128 4.225734
0.035710 4.132707
-0.717810 4.264741
-1.209191 4.911603
-0.985569 3.171109
0.506427 4.057121
5.000703 -0.729995
-1.751158 2.783030
3.447888 0.518128
5.088525 -0.384178
0.309711 4.704422
3.229158 2.931613
0.560812 2.971036
4.132639 -0.857947
0.372898 4.481916
3.854931 -0.914655
0.762053 4.134293
3.146365 0.265936
4.583485 -0.133209
0.285318 4.777071
0.010859 0.106259
-0.484849 3.180687
0.329336 3.425024
3.172014 -1.888983
-1.862660 4.900187
-1.440052 3.227859
0.650383 5.128184
0.067174 6.614969
1.361211 2.706158
-0.178080 5.958245
4.071323 3.991801
0.106779 4.460349
2.881759 0.492199
-0.968133 4.457155
0.354596 4.735744
0.206742 2.954481
4.320075 -0.367917
-1.503607 5.218064
4.878155 -2.092156
-1.807712 5.099952
2.869836 0.722855
3.943747 -0.854860
-0.296405 4.014103
-1.082282 5.227310
-1.015855 4.323083
0.024536 -0.159783
4.078200 0.602863
4.511601 -0.991530
-0.054806 -0.368955
0.863374 3.586178
0.095247 2.298035
1.133921 4.421557
-1.260112 2.614350
4.099565 -1.024667
-0.739985 3.382110
4.179348 1.038853
-0.945081 3.612779
3.202714 -0.496435
-0.165583 3.882078
0.788529 3.430310
4.580458 0.272298
4.771595 1.721861
5.400098 -1.089575
4.438267 0.284649
1.704821 5.085683
0.707355 4.197494
0.057266 4.070474
1.955720 4.328628
-0.589982 3.750729
0.705541 3.696745
4.981190 -1.577841
-0.500641 3.276931
5.505095 0.610077
3.141541 0.171263
1.568775 4.641907
1.446355 2.541128
4.034915 3.886488
0.416700 2.689352
-1.208859 2.570910
-1.061004 4.784786
-0.143290 5.995675
-0.424182 2.996357
0.981092 3.455874
-0.657994 3.936398
-0.108259 0.259301
-0.526439 3.887135
1.661373 4.987528
0.131730 3.056850
-1.697525 2.104318
0.218688 4.284816
-1.290375 5.031140
1.342086 4.432380
0.315716 -0.969588
0.844218 3.814243
3.599219 3.386974
1.994787 -1.279569
0.440302 4.559246
-0.244069 -0.053168
2.413859 0.201247
0.356998 0.450627
3.656177 -0.168046
3.261594 3.875144
2.006318 3.366631
3.953521 3.636678
1.598209 4.064289
-2.210041 4.072070
3.532163 4.207934
-1.175985 3.435656
-0.657609 3.556953
0.414025 3.657986
0.162690 5.704349
-0.444972 0.434941
3.813426 1.495805
0.994947 6.598806
5.935879 0.687546
-0.287676 2.461148
0.651200 1.126750
1.411501 2.462251
5.432171 0.720794
2.860531 3.448830
0.150402 3.784945
1.716956 3.661945
-0.205521 3.657507
-1.778501 4.654308
0.875930 3.851277
-1.389900 3.270833
1.265374 4.760611
2.901866 4.662121
0.645246 4.187589
4.456966 -1.334116
4.965574 -1.150210
0.555940 5.137480
2.726311 -0.734429
3.396886 5.241451
0.309784 3.588023
2.415153 -0.682332
-1.879384 2.634940
0.226404 3.040300
3.432691 -0.814243
4.012841 1.083657
0.078590 4.963533
-1.978792 4.732547
-0.243658 4.335252
2.878342 -1.917201
0.378932 3.148993
-0.272358 3.452484
4.887415 1.540786
0.742138 5.016976
0.951457 3.409953
2.881517 0.076853
-1.039954 0.426327
3.549854 3.789890
3.817148 0.560985
6.002442 -2.387480
4.327955 2.752654
-1.753123 3.510448
0.571912 5.198973
2.750292 -2.471651
-0.292764 3.440968
-0.555624 6.210787
-1.110567 2.443455
-0.785795 4.499204
-1.457849 3.889990
0.749185 4.601273
-0.634128 4.012522
0.129937 1.600391
2.939285 0.594123
0.400500 4.768502
0.359173 3.538404
0.520545 4.523601
3.747106 -0.216523
-0.517496 4.418340
2.433391 0.369294
-1.003957 2.357637
-0.905361 4.481271
0.058901 4.448677
0.428927 5.681991
-0.837693 5.333698
3.009693 1.008990
4.548012 -0.368013
4.760606 -1.277631
0.140504 4.388224
-1.049994 4.414673
0.450309 7.046742
3.015232 -1.554773
4.391464 -1.792574
-1.393660 2.401095
-0.038393 2.474364
-0.940478 2.753891
4.259742 -1.720550
3.272092 3.587281
-0.507454 4.099343
0.784119 3.826320
0.515194 5.423585
4.322000 4.413328
-0.268969 3.232729
-1.905393 4.992623
-0.252295 4.205000
0.731811 3.920818
-0.277995 4.087563
-1.368647 3.088130
3.778305 -0.291996
4.338353 0.744013
0.341797 4.423696
-0.428343 3.277498
-0.916948 3.577065
-0.045271 5.178125
0.973783 3.671864
2.953872 -1.249263
3.277276 -0.724481
4.449878 3.846344
3.581567 1.221191
0.829005 4.463594
0.471721 0.155702
-0.808304 2.463059
-0.104935 3.571049
3.799443 0.450366
5.212956 0.093394
0.473337 2.927531
3.815036 3.700899
4.600499 -0.384681
-0.324952 3.674751
1.724443 3.362957
1.004139 2.071300
3.597582 1.575844
2.364651 -0.303514
4.155815 1.034116
0.103794 4.229318
3.677043 0.068807
-0.650041 4.463594
0.742924 4.044355
2.711180 2.197452
3.291531 -1.484502
4.104358 -0.289590
1.509029 4.517861
3.045453 3.929634
3.056504 4.013651
0.900003 4.692011
-0.059054 5.678627
5.223168 1.071893
0.727738 4.076446
-2.037826 4.887078
-1.048063 4.714170
-1.393719 2.159829
3.584868 -1.484262
0.344932 5.754706
3.981355 3.298062
3.788348 4.697070
1.047030 3.348037
-0.078886 4.337685
-0.895655 4.311028
-0.900123 3.546446
0.108498 4.801843
3.873252 3.364600
-0.116979 2.712049
0.674320 2.026273
-0.442227 2.747476
2.476579 0.155034
4.471911 4.388090
2.480409 2.651780
-1.999876 2.854522
-1.292622 4.440211
4.373686 0.607818
4.243482 0.052370
-1.174290 4.391319
-0.688140 4.139338
-0.370287 5.419958
-0.105458 5.137524
4.163286 -0.616293
4.175771 0.404318
3.044436 -1.295379
-2.696721 4.287258
-0.356751 5.931252
-0.799652 2.476025
2.890462 3.936498
4.401779 1.301724
-1.043087 4.127594
0.074193 0.293267
1.169260 2.983106
-1.497844 5.611501
3.910278 1.055036
-2.484353 4.252434
0.682421 5.138522
4.297121 -1.404846
0.831306 4.076329
4.230728 3.768954
4.553604 -0.538443
3.450919 0.291157
0.226742 5.370247
-0.627124 3.719683
3.170151 0.682829
4.822294 -0.664026
-0.090998 5.049363
5.426577 0.713020
3.618172 0.773305
-0.597029 2.744700
3.381984 -0.940179
3.999000 0.254585
4.995814 0.710977
0.100687 -0.684767
0.083578 3.853631
3.240018 0.008736
-0.733251 3.114093
0.468509 3.628722
-0.505035 3.396932
1.211160 1.372856
-0.677141 4.474804
1.284076 3.639441
3.542759 -0.694015
-0.009456 4.459702
0.587514 3.915654
0.493624 2.783643
3.539333 3.872969
-0.822656 3.807367
0.199296 3.867242
4.215581 0.338728
-0.971967 4.853274
2.123100 0.213943
0.042382 4.469342
2.593551 0.621939
0.369192 3.425403
3.619862 3.881812
-1.111309 5.207980
2.252648 3.067591
-0.116309 3.190261
0.203578 5.131474
-0.704015 3.042099
-1.313658 3.672792
0.524163 4.247896
-0.417243 3.851529
0.976167 4.802486
-0.560493 2.521849
-0.837711 2.407126
-0.221796 0.680981
4.409056 -1.126911
-0.278535 4.206422
0.981519 4.759792
-1.169021 4.512195
2.664492 -1.594738
2.245602 5.181985
-0.225231 3.554886
5.213266 -1.186933
-1.537993 4.964701
-0.137303 3.464994
0.377689 4.147446
0.181306 3.300605
3.110548 -1.005046
4.830680 1.310149
3.959115 0.062278
-0.553667 3.071962
-0.702484 6.212517
0.522485 4.643139
4.210167 0.976715
0.510369 3.832876
4.355240 -0.896517
3.881439 1.788761
3.487876 -0.269118
5.482492 0.337755
-1.006549 5.348724
1.242816 4.571520
3.643362 -2.067854
1.672172 4.320856
3.224197 -0.052916
1.961964 0.767275
0.097548 4.807636
-2.044314 2.036663
3.599364 4.603998
-0.139816 4.483368
3.653612 1.641668
-1.556685 3.677904
4.071726 0.271699
-0.094874 6.497536
-0.769017 2.487871
0.185801 5.453079
5.031897 0.105432
-0.382670 4.124655
0.046732 2.750589
5.029135 0.234165
-0.213488 3.369684
-0.125125 3.387803
1.517804 4.647340
0.225900 5.277182
-0.593923 5.341757
0.318743 3.032672
4.953408 -1.181191
3.810624 1.827360
1.362043 4.578129
3.593607 0.271848
4.078251 1.534954
0.253605 3.658572
3.918602 4.439739
0.090368 5.095025
-1.324760 5.351885
-0.702643 3.389235
0.086281 3.058834
5.381186 -0.004184
4.510584 -0.649411
-0.045573 3.806901
3.138984 1.316329
3.220602 -1.257908
1.052051 4.342441
-0.188077 -0.854207
0.495751 5.352590
-0.670584 4.934354
1.131085 3.715837
0.408552 3.932237
1.335336 3.969252
2.891918 4.200764
4.411872 0.037816
1.980449 -2.044663
2.753264 1.434413
-0.023729 4.119409
0.603717 5.117774
0.643853 3.223900
1.607392 5.007316
4.653626 0.222846
0.783594 2.776476
2.454683 4.272228
5.930192 0.854503
1.905915 2.890248
0.426846 4.041339
1.425071 2.041687
0.996957 5.057580
6.082298 -0.500832
4.303991 0.940228
4.124447 1.347033
0.726174 5.183422
-2.426249 3.807979
3.020160 -0.142416
0.250248 3.222389
0.866439 2.920974
-0.596706 4.059475
3.303864 -0.155127
4.011556 -0.931633
0.478535 4.711443
0.012529 4.070090
2.616612 0.602039
0.105002 5.396992
-0.021428 5.303346
4.913059 0.336007
1.652302 5.796671
-0.813042 3.548803
-1.746555 3.533692
4.297071 1.321564
4.727399 -0.189860
4.984150 1.342861
4.623968 4.180457
3.147493 1.570445
-0.755518 4.374858
4.408159 0.071756
4.637187 -1.322887
1.968405 3.004285
0.742592 3.162673
-0.109513 5.566054
3.958106 4.037374
-0.247547 3.204907
-0.213279 4.695984
5.228550 -0.116887
0.499465 4.607078
-1.265134 3.591881
1.295578 4.402270
5.500792 -0.538595
-1.246483 2.019784
4.762835 -0.646068
3.858761 1.870065
4.947830 -0.799267
-0.331752 3.385661
4.025109 0.487453
4.998714 4.637305
4.429727 0.418641
-0.980044 3.904283
-0.098326 3.076497
3.353324 0.120126
2.114860 -3.270580
4.236964 0.329038
0.700585 4.235459
2.672198 0.018747
0.430932 2.564347
-0.697143 5.609059
0.290891 4.317844
-0.182814 4.317543
2.174666 5.457601
3.332298 3.661341
1.404228 3.696454
0.170537 4.411617
5.285524 -0.157797
3.286060 -1.668525
0.249831 -0.297113
-0.700694 5.434322
0.027237 4.232982
-0.570525 4.191283
0.092618 3.621915
2.417181 4.193826
0.590197 3.587384
-0.131633 0.251400
3.858711 4.325502
-0.797193 2.407850
3.455695 4.138490
-0.526209 3.792355
-1.246205 3.203803
3.747423 -0.663474
-1.174968 4.690804
1.213701 4.468080
1.063012 4.858338
-0.255317 0.888107
3.650611 3.927438
2.937339 0.358061
-2.227826 2.703300
-0.648127 4.592868
0.516095 4.777978
-0.993195 3.360403
-0.947194 5.019509
2.173966 4.132522
0.991237 3.742352
1.145236 4.051317
-0.282547 4.202937
-0.046070 5.321940
0.311359 3.445689
0.124638 4.915250
1.889056 3.271501
0.082467 0.379055
-1.194819 3.296225
3.501096 0.127666
-0.914207 -1.087904
0.536400 4.262698
2.356058 0.195615
0.190957 1.978694
1.837731 5.235702
2.993288 1.202072
-0.890343 4.398865
5.262386 3.803057
5.175237 -0.746260
3.732075 1.105213
-0.988120 5.883203
0.022113 3.949732
2.081491 4.335158
6.145756 -0.391154
4.546934 1.655800
-1.577499 2.701580
4.597442 -0.912412
-1.140891 5.445565
-0.964202 4.013504
-0.060499 2.943699
0.183397 2.780016
-0.633416 3.240509
1.209889 5.443255
4.246165 -0.158543
5.207050 0.580409
1.668298 4.000150
5.736070 -0.962417
5.563178 -0.306007
-0.333751 4.285176
0.394108 3.095486
0.074605 4.121647
-1.325608 4.786403
0.430265 3.193742
3.860828 0.092984
5.595690 0.034100
0.390458 4.352125
0.049926 4.420263
0.749925 3.301668
0.139840 -0.770481
4.558585 -1.199083
3.516146 0.480953
1.809267 4.537904
3.572832 1.232337
3.990620 0.837571
0.040466 0.241652
4.233812 3.623085
1.654829 5.375043
4.965171 -1.944543
5.046510 0.668610
0.715660 2.022459
-0.362752 3.440457
-0.749530 3.056941
1.673176 3.453797
-0.196959 4.127291
2.726570 0.191990
-1.372297 5.641290
-1.253425 5.745448
0.475528 4.946785
0.012009 2.972000
-0.004218 4.849718
-0.329127 3.344752
2.524412 -0.577388
1.113785 3.921632
1.128177 1.349797
-0.366991 4.629439
4.079953 -0.333469
0.562303 5.234599
-0.303368 3.751490
-1.338692 4.130152
-0.890702 3.562595
0.159359 4.339298
5.321906 -0.236750
-1.698389 4.445124
4.531563 0.902130
2.712770 -0.117606
-0.904661 3.820382
0.506888 4.925451
4.927451 0.043516
-0.347189 1.787782
1.099973 -0.142653
1.615722 3.807913
-1.331914 3.090557
-0.126429 3.502869
-0.526664 5.543144
3.952540 4.586724
-0.956307 0.780689
1.197846 3.240573
3.246251 3.925639
4.032191 0.612540
0.815682 3.293972
-0.762057 4.922337
-1.256672 3.954836
1.122170 5.979069
3.368978 1.965670
3.598015 -0.746556
2.707396 1.942152
3.494340 -0.709694
-0.633650 3.542498
-0.340191 2.137536
5.154568 -0.948627
3.747765 -2.197116
4.427811 4.604084
0.769719 2.592525
4.601386 0.101878
2.634436 5.909880
-0.258337 0.390563
-0.521448 3.786444
4.137603 -0.150309
3.302943 -0.365377
3.954603 -0.801900
4.882907 -0.738665
0.774743 3.671109
-1.922988 4.784721
-1.341791 4.193359
1.849919 4.652046
-0.673935 4.152021
-0.652453 2.548961
3.645296 4.015507
5.049817 -0.951344
-0.898174 6.007228
5.960727 -0.838501
-0.703542 3.587945
0.502828 4.710880
2.377977 0.265555
0.845695 4.887033
4.353012 0.264573
-1.553698 4.331496
3.593012 3.773476
0.802783 4.122631
3.548917 -1.851862
2.791722 0.163296
3.729193 -0.115062
5.008279 -0.713090
-0.511761 5.087017
0.170359 3.339335
-1.176897 5.468132
-0.879206 5.415833
-1.170885 7.312502
3.845390 0.284519
5.068831 -0.525349
0.736827 5.438155
0.999711 1.983105
-0.302578 4.456286
0.092270 3.117960
0.914152 2.827670
1.730890 3.366248
4.711128 0.118091
0.224975 3.838105
0.067079 3.931318
4.245815 -0.950989
3.060544 -0.579375
0.384713 0.219610
0.334218 3.226881
4.004927 -0.330670
-1.217311 4.027573
-0.257284 4.628661
3.284959 -0.634258
4.653210 -1.655061
0.240016 3.898357
-0.615594 4.007392
1.985523 0.925704
6.093820 -1.705450
-1.335630 4.465631
-0.205604 3.015247
0.012819 3.008712
0.706522 3.882850
0.846680 4.094638
3.948539 4.847088
4.251254 4.299179
3.520909 -0.537416
3.560697 0.543625
5.017608 4.463386
0.208887 4.185164
-0.515434 4.664770
1.604213 -2.186321
3.979703 1.216914
-0.328292 3.777151
0.875842 4.208628
-0.106271 0.000100
3.861429 4.719267
3.510031 -1.013297
-0.872505 4.004811
-0.945182 3.367613
0.030644 3.948771
-2.095802 3.678704
-1.278133 4.260167
-2.452307 4.816795
0.940191 5.007924
-1.595030 3.587469
3.694703 2.941047
3.720376 4.659917
3.105194 1.099634
0.320622 3.682654
-1.543876 4.911522
4.310998 3.442852
0.419351 4.475306
4.677880 1.094759
-0.451906 3.855564
-1.087550 2.299670
-0.046870 3.879751
-0.129614 0.367487
-0.030172 4.450672
4.268087 4.552731
2.572238 -0.404167
2.974368 1.348068
-0.752918 5.300949
0.957054 4.607314
1.338860 3.824195
-1.141314 4.453359
0.154622 3.545267
-1.569197 6.169365
-0.052283 4.508551
4.257040 0.323507
4.497313 -0.118274
0.401666 2.813649
4.026514 -0.525009
-0.412583 1.048362
3.187005 0.580669
4.558699 -2.279043
0.741986 3.574924
3.481209 -1.257680
3.538704 -0.021450
0.612155 3.626514
0.211424 4.339655
-0.288600 4.222681
0.012953 4.539726
1.570610 4.110779
0.435026 2.700131
-0.848420 4.847982
4.135426 0.913919
1.037388 2.956569
2.849457 3.923225
0.310276 5.378832
4.017985 -0.927389
4.991106 1.503244
-0.946176 3.131109
4.344195 1.140232
-0.381350 3.756979
2.805061 1.387926
-0.701154 2.827721
3.973068 -2.690026
-0.169730 4.408916
0.454965 2.488678
4.114763 -1.120430
2.749242 1.045629
3.876705 -1.000912
-0.747907 5.769410
3.984238 3.945226
1.242304 2.931237
-0.524040 1.890695
1.761172 1.651839
-0.129149 4.822445
1.159584 3.511828
0.276532 4.713760
0.556155 4.822199
-0.815397 4.530117
0.199854 1.513015
1.872590 0.222442
0.591842 3.189866
0.297747 7.148457
1.837926 5.013035
3.564600 0.008528
-0.541524 3.661331
0.367284 4.461740
4.966234 0.190687
0.951867 3.293154
-0.954600 2.855149
2.913224 -1.385365
-0.906340 3.665298
1.507059 4.485240
-1.181412 2.946557
0.679742 2.847852
-1.368728 5.367180
-0.888031 3.058088
-0.545899 6.315622
5.060689 0.779487
4.220720 -1.028893
3.598848 4.418301
4.221307 3.258886
0.331736 5.685147
1.648992 4.196827
4.466607 -0.142263
1.872994 4.814423
-0.659277 4.046838
-2.064123 4.110923
0.447400 3.640186
1.801414 -0.113139
4.430289 0.256420
-1.679761 4.280775
0.512988 5.606098
1.497946 5.831040
4.697075 2.510897
0.749132 4.327468
-0.541181 3.144037
0.485205 3.347712
3.555886 0.770438
0.862896 3.472655
0.312836 2.473968
5.427298 0.352475
0.486576 3.729644
3.414380 4.300780
4.044258 -0.792000
0.374142 3.021399
2.880484 -0.220470
4.012157 3.117460
0.757822 1.586633
0.940128 5.775438
0.473811 2.467574
0.659133 3.257710
-0.158527 3.539739
-2.155092 3.258314
4.588338 -0.001007
-0.908872 6.763558
3.117975 0.676713
-0.408920 3.496737
0.225863 4.284127
-1.315493 3.487135
0.364673 -1.106647
-0.571528 5.969202
3.578093 1.607916
0.313425 2.325705
4.238704 1.007719
0.066416 3.586366
5.352573 -0.463641
3.811791 4.004456
4.627473 4.134557
-0.188625 4.541975
4.722824 -1.756397
-1.818446 4.822405
4.022522 0.142758
4.276172 3.423159
3.944251 -0.195569
-1.284621 4.549228
6.166041 0.086034
5.083143 -1.929217
-1.080161 4.033105
-0.369570 4.945228
4.027209 0.766358
0.768051 5.414795
-0.577417 3.050388
-0.338509 5.555064
0.979119 3.385326
0.282907 4.103082
0.780337 4.249905
-0.318242 3.683918
1.209278 4.033076
-0.209203 3.735542
2.276315 1.948665
-0.147426 4.019789
-1.454464 4.408460
4.907608 0.468737
5.103830 -1.215806
-1.375761 4.884804
-0.022235 3.993786
0.578780 2.937723
-0.775568 3.031378
3.945859 0.340921
0.668966 2.266765
0.440353 4.928582
0.515309 0.239920
5.992439 1.451800
-1.669236 3.424120
4.152204 0.114011
5.079289 0.547864
1.189473 4.500622
-0.065779 4.700018
-0.388646 3.052837
0.972027 5.664717
4.016342 3.646107
0.394096 4.676794
-0.262383 6.603926
4.021880 3.198877
0.814053 5.168455
-0.270017 5.083241
5.359221 -0.623803
-0.007150 4.365302
0.891463 4.171429
-0.623439 4.458675
-0.687236 5.462248
1.265524 4.068392
2.687242 3.616007
4.822523 3.062468
5.796622 0.768706
0.748701 4.591328
1.422740 0.206385
0.504492 4.914983
3.679119 3.476410
3.743547 0.722424
0.676584 4.619666
0.487098 3.251142
0.998517 3.484001
0.396606 4.564485
3.572957 -0.231170
-0.775826 3.719423
0.106596 2.626387
3.522177 -0.529916
0.384883 3.439511
0.992440 3.245746
3.511533 -0.459895
4.934334 -0.088788
1.062615 4.518951
-0.537640 3.242453
4.584637 3.426978
0.786272 3.906897
0.318723 3.694341
0.634021 4.457539
-0.604641 3.029890
5.427810 0.005025
0.407838 4.812093
-0.910265 3.375382
-1.286727 1.383424
3.100514 0.120814
0.012082 4.767968
0.853926 4.800909
4.937489 -0.056663
-2.324873 4.598777
3.519754 1.280996
-0.836610 2.786816
2.603386 0.203272
5.170737 -1.549199
-0.455554 5.197632
-0.397727 5.120865
4.881136 -1.824211
0.675618 4.746659
0.971533 6.149247
-0.723341 4.567637
0.440449 5.236704
4.873344 0.144064
-1.017536 5.653902
4.316963 1.470693
-0.884880 3.716178
0.219073 4.646432
4.261496 1.510567
-0.371463 -0.272473
1.568584 3.394779
5.911922 0.217069
-0.677882 4.128347
-1.322635 4.845951
1.026013 3.924059
4.170823 -0.864070
3.919462 -2.074170
-1.127465 4.556713
2.507834 0.583709
2.877261 -2.209582
0.918820 3.577299
0.642824 4.486509
-2.461148 4.008124
0.586558 3.935496
4.205364 -0.076474
3.184396 -0.532136
4.277757 0.824464
4.292071 0.173225
4.205107 4.580257
-1.551194 4.401223
4.719197 -1.595128
0.719090 4.096337
1.164501 3.766038
-1.912925 4.366262
0.451850 4.390467
4.996504 3.938091
3.699154 -0.140437
-0.606336 4.860160
3.772883 0.940541
5.546445 0.281674
5.076710 0.080582
1.001942 5.004424
4.723031 0.293121
0.083583 4.153352
1.393425 2.602294
1.089930 3.624148
4.905311 -0.122512
1.094746 4.009091
-1.032792 2.729571
0.262868 3.173360
0.505646 3.561375
-0.540748 0.220447
3.454750 -1.152436
-0.979347 5.092863
