2.420510 -0.105735
-3.349353 2.620258
12.382607 -4.148475
5.060386 11.598810
-0.692945 2.023149
3.341711 -2.396698
1.049425 -6.447286
-3.368864 12.632656
-0.848106 4.183135
8.119768 12.300469
6.573352 12.171910
-5.846771 12.139817
3.030837 2.317046
-5.545440 11.463004
0.718010 -1.554828
0.124023 -3.430136
-8.616939 12.120461
11.516879 3.536894
5.738664 11.592861
8.049761 11.784389
-2.284681 -2.588634
0.434888 3.307369
2.894128 12.576370
-2.548997 1.755279
-1.215634 2.197374
-7.251760 12.249840
-3.013546 4.083009
-1.162674 3.741212
-0.399420 -2.871697
-9.628383 12.340959
-3.091592 3.317666
-6.853409 1.736586
-6.655267 0.238575
-2.427227 -2.607050
-1.379056 0.509010
6.967877 11.415872
5.952651 13.345857
-5.942877 11.734552
12.397351 3.980811
-5.452163 11.414314
0.290365 6.478641
-1.569141 1.734470
2.221664 5.403845
-6.466293 11.570156
0.796918 3.592528
-1.667568 -2.258578
11.915057 3.552208
3.544821 12.746726
2.194196 0.163135
-7.370489 -2.077497
0.147146 1.198225
2.173163 -2.062908
2.570681 -0.736383
13.617470 -5.803036
3.732361 -1.468233
12.871568 -6.034774
4.320354 11.473413
1.548892 0.780506
-0.018430 -1.512474
6.525035 12.323200
1.463727 -1.849759
-5.909810 12.554333
1.797903 -3.391950
-5.618079 12.105409
-1.724830 1.628469
0.892952 -1.880195
-1.023263 -0.870554
7.898740 2.076141
1.221495 0.991081
-3.160611 1.428423
-4.151036 -0.163621
9.382325 12.471695
-6.516707 12.327820
2.266059 10.917461
-0.807084 -2.157953
2.168113 3.430419
13.092818 -7.712996
-8.507298 12.126449
1.103605 -1.918395
10.640969 4.324851
0.112124 -2.775787
-6.703207 12.704321
-0.785655 3.722375
2.051853 -3.130967
5.999659 12.321116
-3.919043 11.157491
4.522840 -1.512383
1.457962 5.072296
3.383891 3.070098
12.525005 -4.682182
1.286911 -2.058563
6.878553 11.796145
-2.621770 -2.313004
-1.714145 -1.365314
-6.324765 -0.535637
-4.143019 1.931641
9.934809 11.468178
10.169075 -4.891960
-3.762776 12.420324
0.316869 0.024107
10.235004 3.838402
-3.063130 10.830147
5.138709 -1.350553
-0.601242 2.166410
10.773524 3.638161
0.302755 -0.659456
10.621939 -4.788396
3.941168 -3.682724
5.645830 11.524919
-0.096181 -2.024405
-6.383789 -2.565649
7.701217 11.686943
1.862301 11.058745
2.332718 2.202539
-5.058887 1.314548
-3.574116 12.607101
11.210931 -5.613551
-5.587638 -0.718252
0.059327 -1.710545
3.866277 -2.628546
3.094511 2.295615
2.745518 -3.526475
-3.768391 -5.835185
-3.467258 12.287219
-5.539922 -1.569969
-2.454105 -2.291127
4.031335 2.465923
-2.668633 -0.974023
-0.876594 -1.880194
-3.176336 -0.103579
12.258297 4.147318
2.894901 0.000410
-8.019385 3.297106
13.140742 -6.756957
6.070842 11.116627
-0.766034 2.549753
0.530693 3.579779
1.342151 -1.999499
0.183376 0.226445
-2.672979 12.719384
-1.103399 10.020781
-4.845394 -1.556593
-4.802385 11.407247
8.126635 12.048020
-3.033492 -0.838342
12.526323 3.743935
12.096528 4.178364
-2.245590 2.990268
4.532269 -1.817222
1.967424 -0.932705
-5.961226 -2.051960
11.200212 3.582401
5.436700 11.444512
5.445020 12.194528
0.786737 -1.271037
6.250312 12.140984
-6.531578 -0.106841
6.396491 12.243554
3.070737 11.922748
5.737223 -1.579274
-2.041580 2.522472
11.822293 -5.807901
6.726551 12.108455
-4.489481 -5.061828
4.469988 11.866897
-2.616474 1.584477
1.011251 -1.719081
-3.679645 3.983530
5.908025 12.459920
12.311489 -5.649734
-1.407700 -5.050137
-2.255859 -0.614882
-1.215779 -1.066207
-6.860969 12.180335
1.094027 2.452499
12.969351 -7.071825
-3.837737 7.911727
-6.039999 12.557755
11.305213 1.843755
12.784824 4.484746
2.278923 -5.442051
3.332390 3.525819
-3.650086 11.337276
-6.003965 11.394572
-2.543594 3.086813
-0.966303 -6.586200
-2.764148 -3.696679
-3.458470 -0.453720
5.906912 -1.609007
-7.891649 0.558825
-4.168046 -0.601873
1.418962 -0.452115
-1.254177 -2.218334
6.277549 1.075795
-1.957544 -3.203889
0.996038 -1.814728
3.088991 2.473185
6.892608 11.786837
-8.547018 11.637845
12.206247 4.077171
-1.791135 -2.416533
-5.397184 -6.614497
-3.015354 12.402705
6.870421 11.669030
-5.225725 0.800870
-6.410857 12.621985
11.025853 4.294862
-8.986460 11.992854
1.357737 -1.919841
-1.232924 11.816733
13.412842 -7.444962
-2.103720 12.255686
-0.988193 1.756981
12.929165 -5.125742
-4.560233 12.409562
10.504229 -6.326631
8.817064 12.039623
-4.826010 12.217275
-1.156275 -7.584466
4.260910 -4.492580
-0.712368 -2.447686
-3.777571 1.702705
5.246820 -4.824765
4.216443 -7.695008
-2.066894 -5.246940
0.856290 3.986320
10.645204 -5.570906
12.596889 -7.076202
5.725920 12.290443
-3.979410 7.315900
-2.111760 -4.444583
-4.619980 1.214828
2.151294 -2.977388
-1.146501 -3.262465
-3.296330 12.768221
-5.978911 11.227247
4.024848 -2.537940
8.669353 12.168913
6.569058 0.483329
0.419522 4.737651
5.412973 12.320329
-0.881748 3.543852
0.345596 -2.867821
4.340295 0.753936
2.927095 1.700444
0.672938 -0.526575
-5.195343 12.091788
12.335160 -4.789040
1.660338 1.907178
-1.079478 1.779674
-6.366499 11.753767
3.001775 -1.083841
1.373977 2.156921
5.613925 12.951137
1.588768 0.132460
-4.166078 11.830273
4.706976 11.920045
-2.250687 0.674840
-5.806088 10.793571
-2.192220 11.635603
4.279326 11.326462
13.088551 -6.909229
1.011069 -0.723150
-6.203561 11.739358
11.364182 3.633921
0.560888 -2.292456
-1.175845 3.787770
0.262298 -3.765764
2.668222 3.053542
-5.309468 12.189584
1.397942 -5.109593
-4.061490 -2.735465
1.653332 -0.019010
6.746689 11.962796
7.294481 -5.337726
-0.226789 -4.262550
-2.105568 -3.373864
11.414254 5.426704
4.050343 2.217629
-5.970073 0.389939
9.427717 11.585244
1.540625 -0.554069
2.179646 2.496416
3.058058 1.479912
1.374039 2.953908
3.471626 11.851360
12.603470 -5.053674
-7.486329 12.046004
-5.743151 1.101563
3.307217 -2.859946
12.979673 -5.090742
3.853888 -0.532143
-2.208558 1.296534
-2.697547 -1.171047
1.751629 -5.019201
5.125574 -1.461801
13.279956 4.454407
0.148704 3.068532
4.011197 11.687421
4.031995 -2.191471
-5.575632 11.649358
-4.232015 13.083607
3.591553 -3.058045
2.774954 -2.512965
-1.614461 1.368656
-6.015643 -6.133209
0.102630 -0.687991
0.676463 2.498589
-6.080213 12.037166
0.880055 0.704596
1.007200 -0.649780
5.489175 11.403255
-3.733248 1.596474
3.921332 0.312111
4.090297 0.456580
-0.281012 -5.867915
-2.222881 -1.019390
-1.467731 2.833724
1.075579 -5.020445
3.523735 -5.402680
-1.190603 0.983207
-7.886932 3.029254
11.047800 -4.366330
-0.689966 -5.586469
12.760015 4.259288
11.307548 -5.247347
4.823723 -4.826626
-2.640653 0.345321
-0.128520 2.326596
0.151234 -4.648916
2.657519 -5.510554
2.817138 -0.222536
-0.270825 1.896543
3.318307 -0.774851
3.946043 -1.172267
3.559554 2.231948
-3.495245 -0.071883
12.955269 2.726394
12.691701 2.970401
-0.025827 3.809129
3.085400 -1.216761
-5.345147 -0.036560
5.061175 12.164064
-5.212288 11.732048
-0.378299 5.884515
-3.682275 -1.139443
2.886479 -1.174962
-4.014733 1.142599
7.936878 11.991694
0.786621 1.118686
-3.350672 5.244068
-2.165621 0.154278
12.478065 -6.589247
1.684898 0.507077
2.016831 0.011256
-6.133237 0.056833
11.093277 -5.611250
-4.624351 2.696663
5.972104 11.697035
5.511914 11.440874
12.094745 5.347250
13.104143 2.663000
12.692878 -6.405820
0.732649 -1.979033
1.944037 3.713965
-0.206625 0.936685
6.313815 11.348110
3.793201 -1.731258
0.232840 -6.978795
10.717043 -6.921863
0.849001 -4.148643
5.153228 11.527522
7.879718 11.895743
8.113562 3.262982
4.692356 -1.421337
-1.154522 -0.798165
0.202243 -0.750069
6.529163 11.638803
-6.986895 12.542566
0.973032 -2.649402
-9.291598 11.702709
9.798985 11.931904
-0.506600 -1.065256
-0.661988 5.094650
10.937994 -4.451745
-4.468702 11.765387
3.091460 -3.127459
-2.828978 1.358142
-5.131242 1.533656
-1.967340 5.009757
9.322383 -2.628050
-1.565059 -1.363516
-2.003668 0.628652
-5.920740 12.530486
12.416329 -8.159121
-8.350661 12.697323
10.638313 -8.422930
5.042465 -0.246315
1.864321 -0.307579
0.470579 0.059542
-1.649707 0.069796
-0.489262 -4.714596
-5.532967 11.980719
4.448709 9.411296
0.172552 3.614725
4.202293 -4.333692
1.292340 -4.217278
-1.875201 -2.345169
-0.003173 -5.902501
9.509739 12.476732
4.219102 -1.768823
-5.889112 3.517900
-4.135215 11.286235
11.442854 5.468562
-1.803947 -0.443080
-1.705201 -0.379420
10.898760 -8.686666
-0.523246 0.852726
11.488564 -4.986490
6.795134 11.608845
-0.963747 -0.615703
5.400971 12.606119
4.921972 -1.574334
-6.277841 11.324161
-7.375711 12.940209
3.063883 -1.148759
3.296240 -7.028127
0.100254 0.256111
-0.503926 -0.326741
-2.111701 -0.816857
-2.608070 4.647632
-1.191869 4.507895
-3.475522 -2.562056
10.546776 -5.697675
10.976628 -6.152036
-2.047157 -4.677987
-3.096917 -0.380648
1.968061 0.434927
-5.038251 11.790591
11.430933 -5.149215
-5.022127 -0.805954
-0.846889 0.027605
3.695529 -6.339819
-7.511103 12.634985
-0.628677 2.475414
3.803817 -0.026881
-1.150751 3.930568
-4.335216 0.834053
1.054446 -3.746987
-4.372374 12.398023
-4.981186 11.758499
-5.183153 -0.157923
-8.501633 12.072258
6.688563 11.753761
-10.825718 12.791229
4.658133 12.723147
-7.002051 1.314115
-7.928206 -8.775184
2.334823 -5.187508
-1.104379 2.272695
-9.046935 11.841364
4.894276 -3.664558
-5.767840 1.212062
6.546716 12.206973
-4.511443 1.869829
-6.119949 12.561153
-1.005264 1.027790
5.146158 12.821125
8.183700 12.113027
6.168106 0.102333
-0.925904 3.364792
11.229850 -6.402017
7.204100 11.515738
-1.644665 2.000261
1.827949 -1.804227
-3.015214 2.970535
3.739905 0.823012
11.133539 -7.136330
-0.229785 0.761440
13.427918 3.270430
2.369209 0.741919
0.473875 6.718724
-1.352202 1.384753
0.107767 1.576728
4.505345 -0.780922
13.873536 -4.996129
-2.694131 -0.734815
1.983433 0.937068
-1.224570 -6.477296
-2.447773 0.645446
2.192228 -0.426304
5.472314 11.861739
0.067536 -1.432310
1.162123 -2.481295
-2.558128 -0.126108
-0.722676 0.627189
0.590711 0.409801
-4.893886 -0.107906
12.067770 -8.300256
-3.999016 -2.826313
6.369663 -4.492907
1.407451 -4.648390
0.039921 0.225971
-3.735948 11.754632
-6.661104 12.461826
0.770196 2.613532
13.186478 2.925314
4.453848 11.457935
2.605295 5.364441
2.753004 0.039914
-3.427419 -0.178128
-4.839564 0.009971
-6.959949 11.700568
6.541848 12.661514
5.858901 3.393064
12.046053 3.317077
6.996917 11.884165
2.750340 -3.025112
4.360013 1.033406
-0.873792 2.828225
-1.874133 -5.234629
1.260523 -1.616679
-3.341525 -3.119653
3.904550 0.875620
-0.036935 3.217261
-2.023266 -9.679249
13.597364 4.540766
4.075888 -3.884723
-5.018588 4.677688
11.003301 3.694498
-4.901362 -2.678941
6.434359 12.517511
4.494799 10.894265
-1.081901 4.760985
0.354509 0.019602
1.310046 0.657979
-8.777164 -0.940806
-5.953005 12.580503
-2.383200 0.932018
0.569103 0.975606
3.950069 -1.276310
4.736153 2.113596
-1.681413 -3.733171
10.039573 -5.146842
0.853472 0.805268
5.798701 12.109747
-6.705687 11.250370
5.560737 2.506720
-1.393897 -5.180426
-6.006872 11.670253
2.374643 1.295682
3.022076 -4.088027
0.286019 0.616073
-6.036331 12.681933
-1.675585 6.635947
-0.856922 4.856104
4.597918 -0.774813
2.975663 -2.328390
-7.453378 12.663700
4.010379 2.889911
1.497335 -0.663368
-1.646359 -4.811880
7.740460 12.066167
3.792698 11.738898
-0.297395 -3.414866
-2.875250 1.619749
1.984771 4.434216
-2.277826 3.765790
6.539904 11.870734
13.733112 2.696751
0.686544 -5.023360
1.383753 0.261380
-7.784243 10.903791
-4.461544 2.223480
3.127478 -2.570507
-1.234962 -5.707111
0.476436 -0.348450
-7.487944 -0.415843
-0.757023 -0.994135
-4.983211 12.669902
5.355972 11.638287
-1.878130 5.631094
-0.259190 -0.323366
6.065169 -2.852335
-6.559490 5.885491
-0.082708 -4.706170
6.515402 -1.244844
-5.500441 0.522744
-4.138527 -2.922648
7.984414 12.510205
-4.695288 -3.750068
3.558695 11.111385
-5.079944 -1.353769
-0.081664 2.909734
4.791440 -2.235679
-4.806271 0.266702
-4.311642 3.180927
7.802933 -4.153503
0.289541 0.771625
-1.547613 -3.608117
-2.401578 -5.789017
-7.273559 12.032184
0.252724 -0.910879
4.767345 11.610429
-1.238116 -1.482247
-1.747365 10.089809
12.271606 -5.987529
-2.039895 -0.284266
1.362916 -2.094988
-0.897617 -2.732327
-2.671002 1.594621
1.853611 -0.103330
-0.615286 -1.333249
-4.417745 11.887685
4.435856 2.628539
3.939473 11.728985
2.437657 -7.664221
1.130650 5.098061
4.616725 -2.364142
2.800304 3.339706
-4.849016 1.817234
1.924970 -7.005062
11.665006 2.505902
-0.713632 5.142398
1.798807 -1.509066
-5.315785 3.198669
3.577252 -0.301471
10.133966 -7.155978
4.435171 -1.937691
-1.114692 -0.034966
2.335738 -7.649687
-5.250040 -5.259789
11.250483 4.544352
-8.844327 11.998775
-5.124366 0.586995
10.731146 5.150451
-8.628148 1.879771
5.469230 11.567172
11.810018 -5.913781
3.335482 12.251866
-3.538992 12.149373
10.233030 4.477434
-7.491220 11.426382
6.182488 11.426541
6.480480 13.181986
0.001855 -2.272210
-5.458774 2.304414
3.071893 0.980138
-3.945183 2.793917
0.813771 1.420122
-8.477174 5.498196
11.130363 -6.504122
2.589458 1.975240
-2.240557 2.995159
-5.345250 -6.565745
2.035542 -0.727675
-5.677610 -0.129238
0.694105 2.155920
3.175137 2.189009
-0.738731 -2.842922
-0.314962 -2.411135
6.253714 -2.556524
-3.643859 3.865272
-0.280862 -4.294774
12.234983 -5.954773
0.635054 -1.247758
3.709939 12.297971
-6.708130 12.302087
5.001447 12.006478
12.141052 4.973585
7.234747 12.044894
13.075932 -7.702544
-5.840519 12.432293
7.772239 12.265804
3.481753 -5.734548
6.767699 13.431279
-8.288793 12.170843
1.693294 0.088806
1.050254 -1.291652
1.730491 -2.008987
-4.363938 12.317331
2.771901 0.050948
2.473829 3.132129
4.277633 1.150761
-7.596650 11.659026
-0.708863 1.577419
7.678937 12.266874
11.405697 4.342796
4.835699 -0.147413
1.196229 -2.363322
-0.528056 1.597953
2.326448 0.742950
-9.206444 12.382621
2.168703 -5.232241
12.722195 3.981369
4.379971 1.938157
-4.998461 2.074475
-6.612117 -1.000323
-0.820058 0.123069
1.399211 -0.547650
11.457266 3.893197
-4.286791 -6.632939
-0.718880 3.417826
-1.120234 -3.194188
5.646921 12.512893
-8.330828 12.787141
-4.744204 -4.057214
5.880645 3.223418
12.779895 -8.199466
-0.030133 2.239001
0.093566 -0.900032
12.678966 5.402732
-5.308687 2.115927
-2.148382 -2.778692
-1.168358 0.845452
-6.403376 -1.445064
-4.748046 11.907375
12.816994 6.098540
11.181120 4.067339
-2.420000 -2.550892
11.723612 4.926356
3.523369 1.173906
-0.873470 4.496957
-4.566691 12.215130
3.333621 2.221975
4.694058 1.781940
1.310601 3.733165
0.531279 2.240752
10.651123 4.837524
-5.896863 11.213008
12.445685 -5.571137
-4.641584 0.397406
-3.652300 -0.656322
-0.513495 -1.090275
-0.509166 -2.663709
-0.561803 -1.173900
6.906601 2.620381
-0.488505 1.517828
-2.488268 -5.180469
11.695183 4.396581
6.514818 -0.800875
-1.777178 -1.416079
-1.859797 -0.415920
12.958702 -6.632873
2.697642 6.098817
-4.764182 12.090753
-1.081051 -0.773463
2.247769 -0.673043
0.207321 4.336917
7.573429 11.921477
-5.771994 -3.400867
-3.077712 -0.522406
5.402127 11.578327
2.887701 -1.758759
2.722820 -4.279893
-2.992809 1.683987
-1.849162 0.520695
-9.674130 12.345228
6.438415 11.531415
7.147408 12.634766
-0.551686 -3.107301
5.076045 12.387329
13.169037 4.984669
2.980373 0.014426
-2.306148 1.933633
6.421662 11.703705
-4.963821 -0.046936
7.003869 12.567549
1.927057 0.064877
2.725885 -0.834853
13.043534 -5.984015
4.892808 12.082882
5.127272 -0.590553
-5.300013 11.917473
11.621370 -6.512841
1.496150 7.981388
-3.357320 2.196740
-2.330713 2.587925
-7.177407 11.671455
-2.991161 12.112056
2.478359 12.374094
-0.404495 6.177842
4.001124 12.472415
7.354427 12.091785
12.528966 4.297193
10.942899 -7.452036
5.734474 11.565214
2.754762 11.854327
-3.435390 5.111023
0.755180 4.031521
8.612409 11.272757
-0.015153 -1.121000
6.996890 11.317446
-9.056767 11.851011
-5.487206 11.277291
-7.990605 12.273360
0.211247 2.481422
1.589734 4.616479
-1.349667 2.938266
-1.236504 3.689358
-1.889552 1.340074
0.088351 3.274609
-1.812215 2.346435
11.657022 -6.936563
-3.936997 12.280272
-5.721695 12.079368
1.632685 4.255385
-2.242136 -2.018105
1.029267 -0.300531
4.018951 -1.509436
-2.492284 -0.354737
3.879061 6.374941
-4.917770 -4.390831
-1.395633 -4.471359
1.412004 -0.127568
1.952568 -8.815907
-4.557154 -2.542429
11.692985 2.818572
8.967006 11.970768
-0.559591 -1.131377
5.541092 12.005266
5.571730 12.144002
11.561312 -4.930532
12.272933 4.737626
-1.744406 10.720513
2.651820 3.197748
9.084707 12.472678
3.263512 -1.770795
-1.343397 -3.004283
1.392944 -2.798715
-3.067968 4.369673
6.654496 2.541965
3.458049 3.608906
-3.549686 -1.419375
-6.902972 2.343578
3.031770 -1.163054
-1.372979 -1.341496
-7.291974 -1.745527
-8.911483 12.618905
0.669409 1.136121
1.952851 -1.291023
-1.686351 2.587188
11.582754 -4.621785
12.260014 -6.251338
-3.153921 1.082963
2.212365 -5.176041
-4.221549 12.391077
-7.891304 12.379443
6.249359 11.920205
-5.103588 2.895370
-1.084687 -6.813399
-0.875652 -2.945689
-6.072769 2.305785
10.602404 11.475801
1.404726 0.764644
3.132383 -3.395089
-2.955343 -0.488934
10.847024 -5.742032
0.368419 0.089090
4.353364 -0.228768
2.143205 -5.433546
-3.779155 -1.344846
-3.838427 0.189253
3.181276 12.077196
-1.340433 0.527623
13.343716 4.058448
-0.259922 -1.560493
12.238457 5.586330
0.156274 0.464761
3.415231 12.553062
12.872257 -4.693603
-9.261982 11.100465
3.618467 2.098710
4.088741 -2.033213
-6.504179 11.370562
-2.255847 11.806588
4.474718 -0.136410
10.851921 -6.619792
-5.029620 3.549481
-4.025041 11.734434
-6.502783 11.936575
-0.032967 -1.648248
3.054307 1.386077
-6.864555 0.610953
11.199824 3.272225
-1.597864 0.121946
11.800347 -6.058260
13.330354 -6.739437
5.645064 12.250836
-9.082262 11.384387
-1.640391 1.600231
3.033314 5.111678
6.059097 11.794247
12.545581 -5.442743
-0.501903 -1.959198
3.518683 -2.173502
-1.840653 1.819584
-1.685205 -3.763163
5.006291 -5.842514
12.067721 -5.395305
-0.167436 1.678688
12.866679 3.631820
-7.886093 12.371337
-4.517990 0.748728
-0.484547 -3.872896
-0.849445 -1.946702
-1.126092 -5.046752
4.571705 11.562417
4.755407 11.169920
0.677558 -1.885233
-8.812825 11.765345
-6.040588 4.247889
12.664315 -5.486751
-1.404512 -2.698532
12.446794 5.174008
8.140693 11.796378
6.185493 11.999031
1.196760 -3.221664
-3.424088 -0.317072
0.338909 -3.066888
12.258817 -6.548524
1.598076 -0.586794
-4.431744 0.098155
-2.720002 -3.419186
-4.888604 -3.020674
12.324849 3.373283
10.496157 -6.259664
1.392609 -0.158765
2.408126 -3.709590
10.459960 -6.198526
-1.780772 -0.986141
-2.350541 1.410658
0.781348 -1.342423
10.137209 -5.270670
-1.459967 5.878181
0.410340 1.838182
-1.680568 12.164585
-4.289143 12.242872
-3.891570 12.777763
-5.398634 3.804342
11.880114 -4.095281
-2.876136 0.296150
1.282092 1.593157
5.884394 12.203545
2.600954 0.350608
5.962695 -5.152331
0.357652 3.189689
3.812890 -2.577691
0.718131 -2.955072
5.630090 11.653760
-6.544878 -2.701040
10.841362 4.691598
4.989822 12.369960
1.227313 5.876192
4.727268 11.960696
0.100264 7.367870
12.162069 -5.465718
-3.307717 -2.864730
-0.895404 2.917680
-7.170392 11.761812
1.569264 11.373324
0.155366 0.865757
6.753709 11.516301
-3.722096 -3.613402
13.190991 -6.727976
3.373021 0.140495
-6.426017 11.869409
12.928413 5.609065
0.365887 -3.747330
5.903202 1.026384
-0.774841 0.273048
12.715957 -5.572570
4.133687 12.398864
1.710503 -1.127748
-0.146574 1.048933
11.115015 1.817502
-1.143493 -2.329639
1.870865 -2.232136
-10.575022 11.232134
5.601514 11.891921
-1.500088 1.780162
3.505008 13.146162
-0.466738 4.657343
3.558204 -4.769593
0.293534 3.556135
2.045315 0.468017
2.770532 5.235952
4.082338 1.842348
-4.349555 1.258734
-1.198505 1.449644
-5.543079 -2.389319
0.872907 4.173515
-5.530829 1.337939
-4.270778 2.472786
5.625406 12.116856
7.847618 12.313972
1.073005 -3.830913
2.190588 -0.663252
12.904276 -6.300127
-6.616099 11.600850
-6.971313 0.336491
-0.373558 5.033767
1.440242 -3.704016
2.610109 5.289987
1.335000 1.652107
1.741304 1.726711
-0.487779 2.447252
-2.342662 2.507082
-1.391691 0.710899
11.865289 5.718878
0.057976 2.878264
-2.210763 3.686651
-6.767850 11.795968
-1.354197 0.588951
10.814021 -5.036133
12.954227 -5.020835
0.290289 -1.581061
-6.945210 0.087287
-2.940449 -4.195728
-2.201323 8.089689
-5.209491 -0.841804
6.058161 -1.327879
10.729715 3.024016
11.995037 2.979509
-2.116701 2.072259
-0.006974 2.181164
-1.866217 -2.969721
-4.782617 -1.896379
-1.759609 -0.871612
4.892042 11.432714
-6.101000 13.039031
7.877797 11.694154
1.132100 -0.284391
11.221167 -6.539073
6.861056 0.503736
5.974525 2.512454
-6.668645 12.192918
11.700418 5.585696
11.370803 2.201270
3.322584 -2.511933
0.365263 -1.817528
2.272897 -1.233279
5.534179 -1.003784
3.246953 -1.353502
-3.478342 11.918088
0.992683 -5.314137
-5.610564 0.869478
-2.106373 0.746781
3.823605 3.384054
2.306622 3.973854
12.695405 4.443834
5.327484 13.172880
5.687051 12.025469
-5.112725 11.311233
-2.375028 -0.579463
9.155289 -5.916696
-1.890276 1.784333
-4.872143 12.702494
0.578132 0.027635
-3.663040 11.944750
13.161640 -7.049346
5.186556 -1.285039
-7.949116 11.801171
-6.150471 13.026786
5.337033 1.343869
-0.853824 -4.131997
-0.678658 -3.734357
1.113151 -1.845497
-10.236956 11.146168
-5.360008 12.838524
-4.438710 3.974778
3.675874 -1.722743
7.023337 4.430608
11.768896 -5.307445
2.508092 -4.092133
1.938554 -5.490904
12.886317 -6.215368
-2.322602 -2.069428
-0.687486 -0.760716
-1.119669 2.206284
-3.652685 0.676628
-2.442129 2.413251
-0.275023 -3.050093
0.249816 3.045822
-0.989034 0.869803
-7.766272 11.889681
-4.125831 1.214289
-5.705560 3.579743
12.645727 2.927219
5.902445 2.593842
4.237065 11.584211
-2.779684 1.351462
0.941222 -3.569938
-3.069687 -0.287330
4.825485 12.945019
0.652651 -1.292662
-5.228721 11.985823
2.888364 -2.933466
2.225292 -1.482763
-8.759719 12.296184
-0.886251 3.307298
3.599295 0.423161
12.284005 4.051153
4.013688 -0.401465
3.984756 11.533419
7.494796 12.235133
0.731419 4.393936
13.101769 4.748863
1.788958 11.932665
-1.378764 5.640345
2.286238 4.427384
5.424808 11.725170
3.441530 12.586810
0.326048 -4.434418
7.135862 11.955424
-7.005135 11.448730
-0.127014 -0.847859
1.437902 -1.614867
2.856100 5.631720
-6.251630 -2.900950
-0.298822 -2.410346
-1.566868 4.289232
5.551171 3.829781
-2.081273 -2.432762
4.997874 1.270863
-1.499489 0.737766
6.604481 2.323743
11.597634 -5.576052
2.765251 -0.383959
-6.367715 2.627579
-8.501297 12.031272
-1.366956 6.148296
12.081214 -6.618547
3.601065 -0.105398
-2.152366 -1.161243
2.151780 2.557066
-0.234024 -4.722030
9.201909 11.887970
12.860085 4.065466
2.512283 -2.111273
-1.034788 -0.603568
-2.726221 -4.930938
0.740690 5.658258
0.364998 0.487826
3.217034 -3.938785
-6.828131 7.208754
6.740886 11.953771
-0.841303 -1.620163
7.678748 12.412823
-7.922889 12.362786
-2.729095 -4.511874
0.153999 1.875577
-3.200346 -3.441166
0.701895 -0.737971
-2.937583 11.755126
-2.632369 -4.054515
6.265933 12.292974
8.875301 12.867353
-2.111343 -4.055011
11.103712 3.999793
-0.665080 -2.410235
-0.700262 -4.712359
1.923127 5.821547
0.451799 4.876322
-1.304503 -3.239425
-0.304811 3.476936
6.336564 12.057921
7.922997 -3.081896
3.250671 -0.766373
5.767215 11.636554
-8.978325 12.313284
-6.813890 12.775316
8.447316 12.332401
4.693424 12.032909
-7.902713 12.442129
7.047148 12.250966
-3.320817 11.927457
5.223229 2.430427
0.896425 -1.434312
1.734375 0.761001
-4.442445 11.633106
-0.306712 -2.045849
-6.223222 11.989999
-2.645334 11.399759
-0.419983 2.735241
9.036199 2.175240
5.343934 11.452007
-3.506216 12.027159
4.701957 -0.947586
2.460252 2.946924
0.098063 0.273535
4.137964 -5.625912
5.250695 5.440161
-7.870959 4.719276
-1.863414 3.754482
5.263643 0.603687
12.419655 3.903485
4.524319 13.133077
6.585375 11.641421
5.188677 12.331797
-1.111371 -4.421085
0.083474 -0.713732
2.673674 1.648487
1.559981 2.638226
-3.239705 -2.361577
3.346481 -0.345910
1.738145 -5.660250
-4.809392 -3.751078
-4.403465 -4.203822
-4.043002 0.964250
5.325152 -0.964712
-0.015092 -0.191768
2.528955 0.793937
2.143516 1.981087
0.799123 -1.237265
-0.172932 4.644110
-3.994077 12.143589
2.779893 7.015554
-3.928791 -2.163218
12.287527 2.652377
-0.656223 2.307047
2.333344 -5.067900
3.353726 12.402831
-4.389915 -0.886062
1.940361 4.447397
13.290393 -7.240521
3.653559 5.458030
-5.843944 -1.475926
0.408832 -1.211174
0.195711 3.295701
5.410738 12.691951
10.841839 3.536813
9.806371 12.688042
-0.767731 -5.980909
2.828600 2.730065
-4.559281 -1.611488
0.260655 -6.566531
-7.043805 12.412583
-2.334519 -4.181889
12.711817 4.712288
-1.407352 1.897092
-6.078942 11.894489
-3.650905 -4.838970
1.282264 -3.253141
-7.185573 11.279001
-0.315749 -1.769014
1.907072 1.200631
-6.316559 5.566969
12.303846 4.965209
13.067230 -6.920545
-2.455301 -9.477220
-1.508898 12.042152
12.936005 4.468613
5.022731 11.297553
-1.739743 1.760619
3.807653 -0.484090
12.172744 5.869277
6.789612 12.049861
7.109028 3.585889
1.160014 -0.368992
3.720718 -0.682295
1.527828 -3.053324
-0.843700 0.038991
1.027703 -0.797447
5.944510 -2.161712
0.387349 2.146865
10.589066 -5.148285
0.691642 -0.570800
4.171291 11.420806
2.636755 0.241203
2.051043 3.945075
3.482204 0.900327
11.706116 -6.152898
6.163167 1.035643
-1.658207 2.634599
-1.214613 -0.354245
0.317861 -1.314173
-3.737005 -0.625588
10.061423 4.097400
0.175340 2.721478
-8.100564 11.847000
1.636856 -3.414314
-1.621644 11.945454
-0.649171 -5.842292
-0.001493 11.926743
0.694414 3.143737
9.445205 -8.008627
-4.449119 -0.354747
5.609411 12.233516
-1.839646 -5.281735
-5.548588 13.169758
2.923559 2.967388
1.302200 -2.519966
-3.970650 -1.552858
-1.493471 4.331509
1.505472 -10.678135
2.511427 5.772528
-3.020779 -4.527769
-6.027819 12.004119
0.491598 -4.243933
4.131344 -6.432590
6.793954 -1.544069
0.098626 -3.789433
3.321299 12.339434
-0.215907 4.899333
-2.954922 2.356011
-3.458268 11.763734
-7.241458 11.618892
4.677613 11.966545
12.278222 -4.610217
-5.753341 11.939505
-5.405423 11.883125
-1.673269 -0.042985
0.381416 -7.162786
1.676300 2.626439
5.204638 0.722625
0.217051 0.207476
-2.693477 2.635141
-3.967775 1.446897
-4.261170 11.958096
-3.293682 -1.560682
-3.828721 2.580434
-5.523575 2.793506
3.371752 1.393630
2.735662 0.624467
2.521392 5.720440
-5.193097 1.784496
-7.834660 12.185917
-3.416713 0.538960
5.664066 11.811781
1.747370 3.776086
13.134312 3.664849
10.756538 -5.496957
3.047881 0.194468
0.452526 -0.022421
-6.502083 11.130783
-3.415989 -4.314450
12.231369 5.827505
-0.248363 -2.492182
-2.210320 -3.397532
0.814771 4.035222
-8.157064 -0.476470
-0.944668 -2.416821
11.619936 4.377906
0.653037 1.031946
-1.455971 -6.507415
6.548191 12.401087
-2.800515 0.243755
-3.912935 11.770156
4.759824 1.565277
7.084431 12.133987
6.845969 -0.833234
-0.631600 -1.494433
-1.959504 1.982934
-2.014998 2.462124
-3.590716 4.360741
5.322640 -3.009682
-2.837017 -6.111588
-1.547149 3.120819
4.646536 3.075365
-4.440274 12.055731
1.266210 1.268813
-6.196617 12.141725
-4.040148 12.502322
-4.618450 12.288904
2.575637 1.887578
1.070259 2.092545
1.742122 1.433002
2.667361 -4.545727
0.649022 1.027880
-0.268308 2.296898
0.639368 -3.304677
2.550169 4.618914
7.611170 11.386931
-3.759301 11.959060
-6.112217 11.959983
-2.787707 12.361698
0.230936 1.568151
6.868499 11.192965
11.948038 3.952644
-2.289990 0.823739
3.143502 4.213783
-5.683723 3.002100
-1.293541 -1.561155
12.153575 5.255764
-2.475219 2.497542
5.190272 11.970866
-2.957651 -2.619198
-1.866151 -3.750471
-5.044351 11.933625
0.084777 2.025338
1.517940 -3.843748
11.378435 -5.438479
-2.665529 -2.431709
-1.586135 -0.409707
5.311619 -1.818985
-2.884934 1.563919
-2.574274 3.448198
-2.565919 1.461472
5.417267 11.915768
0.529601 12.649751
-3.998776 11.560113
-7.728008 12.809864
4.809558 2.578839
1.429087 2.666344
12.739052 2.932603
11.967681 -6.761284
-4.478843 -0.612973
2.093699 -2.024778
12.762378 5.201563
-0.027219 -4.528301
13.119488 -7.231760
-3.084717 -4.670104
1.991040 2.872952
-6.695814 11.586301
-4.977864 11.755993
-6.403136 1.625602
-4.989938 2.891571
11.322590 5.236188
-0.750606 -7.479882
-1.627527 -0.797994
0.178248 1.570197
-4.480552 12.147239
-6.297919 -0.979724
-3.409865 -0.306562
11.262548 5.434452
-9.121269 1.419271
3.309968 11.852235
10.631908 11.293195
-7.833636 0.721250
2.030784 0.338054
-1.051466 -3.106300
1.896085 -5.443068
11.293253 4.563353
-2.230018 -2.931519
5.953171 4.062055
2.752614 2.061041
8.170870 11.777527
-1.638705 0.856062
3.372264 2.806203
1.754390 0.766496
-2.465198 3.163663
-1.265416 -0.078963
-2.777757 -5.381605
5.350814 12.419318
2.748192 2.896328
7.730298 11.856418
0.903088 4.763847
-0.118973 -0.379776
-5.691919 11.306131
1.854881 4.742087
-0.341848 -4.796651
-5.830254 11.151040
-1.724723 5.351706
-2.643681 2.100670
-2.538165 -0.015349
5.743513 1.005075
12.303614 1.842261
13.178497 3.411568
2.769725 -5.093967
-0.994280 -1.218764
8.988202 11.376970
0.738145 -1.526700
-5.344476 11.350036
-4.319105 11.617899
3.101398 -1.651574
0.585605 1.786552
-1.883417 -1.044294
6.833573 0.017413
0.333674 5.347313
13.805819 -7.105770
4.993243 12.433654
12.984612 3.746257
5.167442 11.552285
-6.885772 11.096803
-5.770711 12.042259
-1.986490 -0.304858
12.427292 -4.877883
-5.985557 11.869326
-5.788511 11.815769
-7.142926 2.531099
-6.353860 11.605007
-5.972945 0.922051
-4.133156 11.054804
-1.756234 1.697067
-1.756355 4.211387
2.345655 4.528864
-0.435224 6.984271
-0.762242 2.704545
-2.986842 -1.194424
-3.935145 -3.505005
-6.767018 13.187297
-5.388724 12.196622
-1.242111 4.035325
-2.577686 -2.106929
-5.042331 12.203371
5.027831 11.663131
5.452073 11.953623
-1.677727 12.431412
-11.617728 11.986598
-4.278253 1.882544
12.656469 2.185923
4.639684 12.149178
1.694592 1.807012
-8.334721 13.294843
-0.916824 2.774178
-3.025070 -2.563201
3.310726 12.628507
-8.086636 11.759645
4.623190 11.574583
1.265609 -1.954153
-1.445644 4.990896
5.544847 -0.559829
-0.354440 0.511594
6.368234 12.572906
3.285171 1.025817
-5.357786 11.722613
2.285717 12.432393
2.249929 -7.147900
10.610200 4.244444
14.387529 4.002357
5.403230 -1.522826
0.395692 0.345266
0.433356 1.193491
-8.691771 -1.195725
3.406632 4.312786
-1.224876 -4.454542
-1.560200 -0.264502
-1.167348 -2.191159
-5.131487 12.041301
3.082974 3.186577
6.837791 12.133529
6.339018 11.738214
7.092434 12.480465
-0.691686 0.531608
1.935126 1.712866
7.118753 1.937646
-6.265275 13.552296
0.311299 0.121814
-1.071780 6.641914
0.913111 0.305553
9.661433 11.519467
-4.816038 12.150531
-1.842792 0.895701
-0.942450 -2.430462
2.826893 3.411532
-0.585877 -1.135449
11.904549 -5.583486
-0.399395 2.647063
-0.131660 0.847106
-4.958154 12.568328
3.708926 -1.915985
0.465370 1.226651
11.337907 -6.211737
2.443852 12.430703
4.223091 -3.642712
2.311754 11.682484
-3.546617 3.085038
-4.786699 0.035004
-2.835951 -0.356254
3.935724 11.646320
-0.973568 0.463965
2.547609 12.432013
3.304516 11.864179
5.724494 12.002073
4.548358 7.270070
7.903208 12.223178
6.823716 -1.949915
2.154598 0.068869
-2.711248 1.320650
-3.961913 11.115279
14.399874 -4.874073
-1.783238 4.504754
-4.547186 0.663271
1.585406 2.089811
11.647054 -5.497168
-3.197932 5.700530
-0.502989 -4.897685
-1.473679 -1.398948
11.491358 3.647040
5.141773 12.313973
-2.183568 2.368212
-2.196207 -1.175499
11.081116 -4.494184
-8.715859 11.480597
12.229792 3.384799
-4.946125 12.057598
-2.513423 0.762865
-5.329562 8.906383
-2.974108 -1.001191
-1.781413 3.946777
11.321622 -7.019515
-8.774361 12.173306
-1.586715 0.196415
-0.335950 -0.238041
-1.966752 5.914230
0.831673 -5.057417
2.306595 2.342759
11.357641 5.187954
-6.773077 11.775471
-3.950561 11.750084
4.713330 0.222747
0.237450 3.141342
2.320875 0.759090
11.428806 -6.698605
6.519927 11.960472
5.912677 12.363726
0.767231 2.188648
2.709468 -1.171458
5.007740 12.038612
10.235045 11.074860
11.610724 -6.614438
0.307381 2.607430
1.950746 4.543044
4.481364 12.046844
1.116620 0.014877
7.457406 12.395088
-2.695172 -0.256045
6.226825 12.335817
11.495517 4.129334
-5.663963 -0.142504
4.839058 2.198608
-3.700508 11.675710
2.188236 5.678929
11.875096 -5.317794
5.753361 11.800960
11.482958 -6.021604
9.480421 12.176611
1.654332 -0.705488
1.404381 5.612089
1.915256 -0.649831
1.544463 3.526467
4.389315 12.065974
8.624954 11.481498
-3.845369 -1.281911
-0.213581 0.264576
-5.635177 0.965726
12.331761 3.437204
3.634190 11.453069
13.020025 -7.113353
0.338058 -4.298537
-2.220610 -3.660872
12.082050 -7.757242
-1.038887 -2.775411
0.439424 -3.903600
13.200287 2.396336
-1.445279 -7.726324
8.266393 3.318725
-4.433751 11.973827
-1.992345 1.795389
-1.632421 0.767924
12.841603 2.559440
-6.640953 12.908843
-5.972042 -2.292520
-4.610180 11.583557
-5.334947 12.180427
2.244422 1.697776
10.085599 -5.818362
1.789054 -0.278985
1.095401 -2.648878
3.896729 -2.734895
-7.735460 -1.934842
-6.725422 11.666720
3.706556 12.451134
3.920735 -1.523648
-6.516753 11.364100
-0.571708 1.436460
-5.394238 -2.748471
12.583822 -5.756241
-0.909093 1.384054
7.846048 -4.172038
10.637803 -6.006679
-3.343252 -1.285731
3.161655 11.527879
1.660784 4.446304
1.840858 -3.645964
4.212248 -0.628910
-0.413391 -3.402464
1.013869 6.354488
4.359259 0.704328
4.307597 0.763233
-4.739701 11.811932
-2.245282 0.127920
5.013317 12.740098
4.539099 -2.758244
4.717217 12.595578
8.766139 -0.358475
2.617915 -1.060522
-3.795663 -0.541066
2.676805 -3.427539
6.158574 1.228816
1.069283 1.549862
12.271998 -6.550171
2.461848 -3.911930
0.033205 -4.960558
-4.591284 -0.587752
-7.377893 11.953534
-3.904936 10.892107
5.063542 2.269496
-2.324731 3.815978
0.350982 -0.245153
3.032162 -3.334108
6.202060 12.130744
-2.397706 -2.886484
12.422250 -5.853172
2.661095 8.135095
-3.140673 3.726616
12.085285 4.951780
4.680190 4.794638
-1.606878 0.303154
-2.700577 4.763035
1.522967 -5.228850
11.902275 3.107533
-1.088843 1.867693
1.040835 -2.326258
0.392741 0.732930
1.683396 -0.497953
-4.135207 12.469626
-3.436599 -2.142927
-1.663637 -0.885114
-4.804706 10.758263
-3.919373 11.658390
0.204688 -0.436714
7.284506 11.777756
12.162432 -5.480259
-3.388764 0.688748
2.692194 1.413242
1.451225 0.286645
-8.204780 12.657862
-10.875040 12.434892
9.284584 11.181674
-1.135929 1.415270
5.757835 6.900341
-4.804390 12.609405
-5.727214 11.992661
-1.698758 -3.460274
-1.004498 2.243899
4.659015 11.664772
3.675859 3.157386
-0.007364 -4.605878
-3.072703 -6.979298
-1.973848 -0.838738
-2.620682 1.534271
2.365172 3.852308
2.746592 -4.592850
4.734746 11.624498
2.754830 1.238614
0.796332 -1.303241
-2.168944 -2.177336
-1.568460 -3.301491
2.338182 0.383054
4.660239 4.430456
-1.213914 -0.329565
-2.522176 1.430398
5.928477 11.483370
12.408072 -5.977894
12.888241 5.173845
8.615293 0.500026
4.277047 0.376922
8.433387 12.310567
-1.866234 -0.237624
-1.136649 1.115599
-3.930181 -1.101905
-2.741014 -5.047428
-0.588430 3.211635
3.629993 1.427962
2.987174 -0.410191
0.648640 3.206386
5.496571 12.001888
-5.176520 12.729369
2.777191 -0.231913
-3.131107 -0.447480
-1.494268 -3.995441
-0.182152 -2.398736
-2.753568 2.658731
-7.579099 12.679101
-1.961718 -2.881669
-4.931592 5.007273
11.709915 -5.465283
-0.400689 -2.699401
-4.540497 1.424738
-3.713236 9.340633
-10.517440 11.612040
-1.510413 2.366915
-4.484150 -1.919153
-1.906390 3.451512
13.538206 3.535894
-4.685485 12.485072
-1.453376 0.499486
6.702784 11.813723
-2.267022 0.553501
1.957303 2.964604
5.585582 11.790818
-0.158377 4.165227
-4.075141 2.319867
0.564776 -0.275832
0.345761 -8.349736
5.044063 12.286120
5.646494 12.595598
1.435485 4.878063
3.790276 11.384210
5.450814 12.082825
5.403594 12.117086
12.367685 4.125673
-5.507447 12.570433
-7.890799 10.806100
-1.441157 -4.270160
-6.200707 11.396549
-5.671247 2.068495
-4.118035 11.354283
3.829692 11.672284
0.389240 -2.663447
11.718759 -8.578427
2.362856 -0.868725
-3.647689 -1.457453
6.284908 0.715870
-5.380473 11.615859
3.794792 12.122872
3.281451 -2.132905
12.571415 -5.405965
13.141574 3.350996
10.652156 2.736753
2.428924 -1.007242
12.668791 5.771804
1.021599 -1.782736
3.035611 3.776477
-4.746343 1.551289
6.453636 12.048942
13.272404 -6.417105
2.385888 1.723270
-0.288232 -0.819989
5.514518 4.329091
0.201787 -9.295600
-4.043868 -6.907759
-1.375965 -6.846325
-1.177941 4.266091
1.764036 -0.964578
-1.543771 0.151336
-2.571522 -0.069693
6.519919 11.746113
-2.547420 5.551212
-0.324333 -1.140138
11.057292 3.338907
3.053250 -0.714756
3.853147 -1.168324
12.688241 3.244091
-4.737649 -2.074208
12.233348 -5.804875
-1.482925 -0.958798
5.323568 -2.560064
-5.632421 12.005138
0.547775 -4.084065
3.295071 -0.405642
3.523940 -5.310567
-3.008308 -0.161391
9.888742 2.533730
-4.813532 -0.633648
12.681302 -5.451940
0.774514 3.054510
4.336866 0.816468
-2.044380 2.902545
-0.724109 0.013781
4.903341 11.845181
-7.740378 11.802051
14.096053 2.817854
0.289542 2.098506
-3.334644 -3.635056
11.872257 -4.185904
-8.888011 12.360668
7.739020 -1.312081
2.093161 -1.098723
2.562237 4.809440
-6.229378 12.501558
-0.878206 -2.695884
-4.875299 0.417623
2.214609 6.155770
-2.912091 -1.030035
-5.990546 0.833861
7.200533 11.982259
-5.686293 11.552947
5.639605 12.687896
-0.784333 1.820082
0.941925 -2.234465
13.104385 2.163022
-8.415645 12.694511
1.823854 3.664149
-2.799148 -3.826526
0.070868 1.870866
2.551044 1.899804
-2.168792 -0.864862
13.196334 -5.191126
-1.295071 -2.038245
12.902697 3.485840
-5.372721 -3.349516
5.383078 12.744336
1.044659 0.368048
-6.319384 11.342527
11.580101 -5.791478
-0.116693 -1.559431
7.503790 12.936921
1.008460 -0.182348
-0.125137 1.216804
0.874209 0.409719
2.879682 11.980197
-1.763777 -4.247725
8.702038 11.588821
-5.920510 4.976012
5.771909 -3.319329
6.265533 -0.660975
-7.320566 12.461311
2.558317 -0.095464
6.646614 11.726027
0.700621 -1.912427
13.759824 -7.226107
-3.944351 0.985596
6.042504 1.556268
11.544807 3.917180
-3.293501 0.339355
12.865884 2.259138
3.818859 3.140500
2.995905 11.905348
14.168695 -3.654872
-6.784954 11.899046
-4.458804 4.536036
-3.290087 -1.706933
1.613603 -3.577623
-0.022322 -2.357152
3.767509 -3.258638
-3.919708 12.605567
12.322090 1.862517
14.129087 4.621975
6.904393 0.955304
-0.201220 4.435326
9.631569 13.335164
-1.706582 -0.073244
0.300899 -0.762342
12.135903 -5.971328
-3.393110 11.837427
3.260445 0.971017
-6.153666 12.276010
3.111155 4.256523
-6.794049 12.025175
-5.993950 -3.067424
-7.443330 12.038380
-1.974961 1.123330
5.474314 12.030257
-3.468214 3.278402
-10.619267 12.637616
-10.601144 12.941976
6.008254 12.937078
-1.598589 2.666219
-0.905757 -2.261637
4.319752 1.522331
8.494008 -0.837991
8.825103 12.197043
14.161497 2.825755
-0.720728 -2.711911
-2.771433 -5.104049
-9.308330 11.833608
1.053729 -0.345549
5.937466 12.298787
4.959124 -2.075040
-0.070932 0.163415
-2.883713 3.238342
-3.435306 4.642498
3.153922 -1.905998
10.928195 4.947206
5.550935 12.277661
10.824271 -7.596003
-5.323726 -3.063921
-1.102156 -1.923306
-3.450012 11.644601
3.939760 -2.716779
-4.211638 -0.686741
0.541970 -0.161506
2.099807 2.551458
-2.297168 -3.541951
14.482467 -6.216987
12.294203 3.647118
0.964340 1.069151
5.799298 0.845547
5.191588 2.486401
11.531693 5.638626
-0.195509 -2.274800
0.932852 -1.990966
3.336437 12.631050
-3.530425 -0.418485
3.456143 12.445816
2.741692 0.552003
0.039284 2.809332
-5.766918 1.834632
10.811706 3.485655
7.411125 11.493438
3.619270 3.153027
2.774998 2.816214
0.163506 -4.992799
-5.245089 11.686385
3.645054 5.499750
1.616727 -1.187790
-2.557597 -1.270560
-2.218668 -0.006118
-6.300398 -1.534265
0.537806 2.660428
-0.056712 5.321988
6.819731 11.732911
-0.680562 0.052917
6.627478 3.750264
11.211403 4.239396
9.695944 12.294844
-0.282155 2.927117
-1.108823 -5.103086
-7.028163 11.846560
3.418931 4.638215
-7.452650 11.751417
-2.935776 0.217383
2.056035 12.971566
12.415865 -6.422840
1.619318 -5.008578
7.351384 12.129189
12.225463 3.652910
5.387993 -1.954415
-0.512641 2.970334
-7.426501 -3.855388
1.291188 -2.284430
12.201027 3.689762
6.054725 11.518084
0.072800 2.584249
0.946263 -2.635596
3.268502 -1.143357
-1.246830 0.710306
-2.584120 0.944438
12.355211 -3.916515
12.703571 3.984361
7.081895 11.730736
0.846080 -0.699020
-4.869536 12.676428
-4.623196 11.592339
-1.385146 -4.502446
12.897360 5.296761
-2.945915 -4.247947
-2.282050 1.842155
-4.317307 0.346735
3.239939 11.817901
0.490008 1.430069
8.946248 12.170632
0.638009 3.486939
-2.591630 0.911318
4.297771 -5.896314
-6.427220 -1.066945
2.598851 0.773053
2.357872 0.082275
10.534992 3.173080
-1.061953 -2.871982
6.857369 12.598026
2.003464 0.940063
-4.005654 3.747267
-2.704451 12.726879
0.462519 0.209901
-0.229417 -1.389669
-0.609293 -3.869997
-2.819470 0.614020
-0.151773 0.705840
-4.561864 12.744123
-1.152213 3.638376
5.709253 -0.563679
6.025030 1.454507
-1.936559 -3.312545
0.893445 -1.204154
-3.980110 10.830602
5.582319 -2.459270
-0.253565 4.855626
-4.895222 -0.404457
0.341346 6.334186
3.362549 2.264933
-6.496986 12.216686
12.948577 3.096874
11.689287 -5.793523
12.169101 -6.409891
10.637611 3.186881
-3.871390 1.824607
4.491441 12.173273
11.694626 3.472320
5.732468 11.201120
-3.350206 11.753078
3.170628 1.673353
11.523979 -8.474181
12.000810 6.008831
-6.907834 11.824536
3.112742 -6.024032
3.977402 -0.337063
5.230478 -0.441975
-1.329863 2.221125
3.325461 -0.723361
-2.661216 -1.315427
2.428802 4.423027
13.465032 -4.510611
4.238694 0.090930
0.682021 -3.781256
0.822299 -3.007993
-0.553886 -3.567140
7.849103 11.665785
4.828026 1.198928
1.313166 2.711726
11.713127 -5.056399
1.686131 -0.054976
-0.321164 0.900228
-2.103237 11.592751
11.473785 4.356107
2.510882 -1.768985
-2.384425 -0.594427
-2.841955 0.447798
4.183304 -1.219945
4.556056 0.715565
2.107916 -1.614438
12.647580 -5.078324
1.558536 0.162109
-1.581675 1.060444
-7.489085 12.636817
-1.308097 -3.808976
12.037521 4.731975
-1.365748 -2.485077
2.950270 4.914515
3.032958 11.842848
2.803321 -1.536200
2.370473 -5.161529
-8.553472 12.574693
2.531399 0.820111
2.571311 4.874501
-3.564756 2.380605
6.362411 12.437506
-0.186605 -0.561121
7.090992 1.570045
-7.110583 11.726441
-2.282959 1.886951
-0.540598 -1.529717
5.825913 12.055243
-7.173149 12.845961
4.711884 2.566498
-0.496099 -3.627213
-5.945401 0.796856
0.904696 -1.355548
-11.496207 12.252011
-4.692580 11.856935
1.358838 2.973943
2.864311 -2.608783
3.767516 -0.031934
-1.618990 2.514206
-1.160161 0.851095
2.747679 -3.524425
5.591292 -2.162477
5.438366 4.207208
1.392556 -9.063847
-0.962261 1.349681
-4.287010 5.303260
1.128816 -4.873703
-0.372920 0.890150
-1.927872 -4.399172
12.652399 -6.253783
-1.899641 -4.986906
10.843236 3.950467
-2.536845 -5.403273
-1.542216 2.834482
5.543985 1.615038
5.495568 11.856335
7.488811 11.908620
-4.168940 -0.178353
-3.233478 3.113328
-1.553405 -5.396871
-2.279196 1.083529
-3.607667 4.413842
-6.574467 12.490786
5.192992 3.074740
-5.992872 2.068460
8.310125 6.130239
-4.019590 11.917406
-7.216859 12.712822
-2.332852 0.552104
-5.646825 -2.548981
5.366553 1.814973
6.090471 11.071320
6.633065 13.211322
1.492337 1.217192
-4.441242 11.762706
12.082674 -6.029892
3.538529 -1.352805
-0.825205 -1.703653
4.294313 11.895725
11.169024 3.567494
5.780976 12.056797
1.656911 0.591263
6.010271 1.115158
-0.661553 -4.870473
-0.632518 -1.717024
-1.747269 3.012596
4.686771 12.389613
-1.527223 -2.304950
5.844316 1.284386
6.660173 12.522724
0.294287 -1.909269
4.112866 10.761439
-0.836479 -1.250559
3.395892 -3.031955
-4.884111 12.226580
-0.121688 0.600453
-2.248314 -6.539730
4.706527 11.219106
-5.556409 -2.526623
13.283578 -6.232062
11.576694 -5.405740
-2.156958 2.161465
-0.791914 1.255823
3.415158 5.544861
0.472776 -3.811692
-3.057840 0.179711
10.500387 -6.212068
11.301091 -5.470726
-0.039632 -1.310843
0.104903 -2.356660
-2.814062 0.859541
-1.748217 -0.747278
0.055878 0.622850
4.324461 1.248516
11.914952 -6.982462
-5.375619 -0.078217
0.623876 -4.477968
5.098906 -0.243221
-6.743320 11.348000
0.556869 2.410773
-0.990134 1.181497
13.298883 4.382458
-7.332305 -0.186433
6.362910 11.968373
0.349060 1.117005
-7.525582 12.013890
-3.126648 12.299594
1.166336 -0.010326
12.623190 -5.811829
13.765930 -5.680229
0.577171 0.270567
-2.742859 -4.604359
12.059211 -5.728305
-5.952377 12.018459
-5.086304 -0.733831
-0.099677 -4.416870
-1.236626 -4.791611
-5.203792 11.882509
7.174658 12.557583
12.631102 5.216570
13.272672 3.565434
3.797651 1.516899
-1.257351 0.949593
12.300975 3.435033
12.415451 -6.305215
-7.383563 12.091837
-1.739222 -1.948766
-4.710592 -2.605111
-6.898356 11.657246
-2.976196 3.080186
-0.640586 -4.127523
3.392458 -0.283053
2.192893 0.539984
2.135595 -0.237771
4.631350 5.225546
-6.162223 11.391573
4.374273 -2.702790
6.928129 1.887686
-4.277189 0.321317
1.276894 -6.714650
-7.522432 12.918414
9.076514 12.351410
-4.786848 11.872023
5.011560 -2.028831
-2.473372 -2.162567
6.473891 4.717083
0.085744 -7.702999
-4.583010 -5.559482
0.376576 1.898563
-4.267096 12.161365
5.776020 12.352373
11.108690 1.427818
5.183033 11.812332
3.496948 0.194145
2.486690 -3.904768
3.147293 3.902103
-8.049090 12.232863
-8.875777 12.006639
2.839321 7.326484
-2.895729 -0.741506
-7.116574 11.641885
-1.140265 0.379162
1.254393 1.736575
-2.409781 -1.126107
3.522905 -0.893685
0.824643 2.492637
6.225694 11.186734
0.525133 1.805372
3.198923 -0.404061
2.641836 -2.101636
-3.911227 -4.051967
-7.862979 3.496026
10.432402 4.220185
6.132806 11.413316
-1.226979 1.145409
-1.968716 0.506203
-5.566198 -3.960779
1.455652 3.324324
-1.312640 -0.389537
-3.012161 12.147641
-5.637625 -2.408379
3.199377 1.895925
2.411095 1.506335
4.777114 11.937780
11.168650 -5.387315
-3.001718 0.051611
-7.258148 12.083292
-3.324246 3.460874
-7.795698 12.506696
0.242283 -3.093140
-1.339222 -3.814882
-0.422628 -0.590810
-0.854367 1.486699
11.871009 3.687173
6.771531 11.802894
5.663960 12.763237
-0.180014 0.415702
-7.051507 -2.039869
4.847351 0.266626
-5.488257 -2.151932
11.980400 -4.324344
-10.076760 11.641413
2.285869 -4.560724
1.714279 -1.629361
7.170209 12.451921
2.525455 -2.465780
-2.921918 -3.290779
-3.329236 -0.277198
0.349443 4.979593
0.103571 2.636446
3.426951 2.857528
7.040100 11.855742
-1.206756 4.205752
-5.683508 -0.455436
-2.169033 1.547222
2.357404 -1.384729
10.370506 -4.966267
-5.762241 11.141384
-4.729449 11.947886
-0.218987 -9.791564
-1.632204 0.584052
-3.517487 -2.651671
9.456897 11.775866
0.648246 0.824020
-3.833074 3.696109
-3.166313 -0.689668
-1.630249 -0.824260
4.134311 -0.678514
-5.078184 12.233372
-1.149333 1.563253
4.300684 -1.249540
6.803247 12.421201
3.902142 2.787973
-2.075250 -5.110278
0.694599 -0.414980
5.209636 11.525627
-2.214057 12.878102
2.496846 -0.898438
12.027078 -6.733998
4.447178 11.640019
2.742371 2.426711
3.017746 3.354178
-3.306551 11.341653
-5.999578 -1.497561
13.047556 4.666649
0.374721 -0.097830
4.029520 -5.367326
-4.510106 12.403540
5.167408 12.866022
-3.871270 -0.061135
11.892934 3.067493
-3.343925 -1.053048
-3.843478 -5.681582
-7.002173 12.479513
-1.866519 4.614011
6.575621 12.610019
2.250272 1.601368
-2.287068 0.075259
12.591031 3.941011
-3.351352 -1.264412
-1.293699 -0.567914
-0.278256 -1.434096
12.422160 3.334761
3.602146 -2.239257
-1.305972 11.260284
-0.033075 -4.366415
2.810320 -8.457617
4.558009 11.266339
11.919539 -7.121427
-0.249880 5.842269
5.943322 11.364413
2.553009 -2.400898
-2.187998 -0.229967
-3.138905 11.750354
-3.839626 -1.630837
3.891415 2.169368
-0.166436 3.068673
5.697939 12.523341
-2.076398 4.530351
-1.101970 3.705825
0.044005 2.704658
-0.766171 4.639230
0.184648 -3.036583
6.064407 12.254450
0.172205 -0.451904
10.941988 4.117223
-4.098165 12.704473
5.497889 3.626137
0.093536 -3.786467
6.604482 12.485315
-5.132521 11.645431
0.273800 -3.017607
13.334684 -6.438969
9.303704 11.392653
-1.040405 1.963038
14.330822 -6.858568
3.031053 -0.128373
3.695531 4.474014
3.752620 -4.859709
-1.200367 -3.166152
-0.663567 -2.633538
12.711172 3.580059
6.016028 3.257266
-4.510944 -1.256293
1.831832 1.284026
1.011906 0.233654
-0.869186 3.334698
3.077705 -5.924858
-11.703772 11.899133
10.925478 2.501622
-1.784358 0.686386
0.517225 1.807124
-7.998473 11.676385
-1.447327 -2.048714
-0.504179 11.961983
-5.072221 0.439899
5.988636 12.817219
5.007158 12.093835
-7.492593 12.169356
-2.541590 -4.534513
5.660042 -4.647839
0.256496 -0.950321
2.027249 -0.667805
0.893476 3.015587
1.903981 0.246907
-0.020705 -3.480633
11.301941 3.023755
-0.291791 -2.018076
-5.492932 2.292606
-6.511788 -7.547177
-8.433309 3.155936
-4.922436 11.232835
0.078934 1.782671
1.502784 -0.552958
2.289399 0.552290
2.082801 3.197497
3.984847 3.381686
5.031966 13.039761
-3.688913 -2.336784
1.010633 -3.403784
1.233370 2.516730
3.487605 -1.113064
-0.060638 -0.441387
4.259969 1.716397
3.992371 3.918382
1.688915 1.366190
-2.436911 1.316848
-8.202326 11.240913
-3.510705 -0.960602
-3.363868 0.362543
-9.310544 12.308273
-5.487689 -2.909262
-1.545857 -1.312546
-1.182663 0.394451
1.558769 -0.336248
9.262023 -5.671794
6.851220 12.190182
-4.640151 11.779958
2.341670 -2.984008
6.770327 -4.252239
-4.467164 12.436707
5.982508 12.555649
-1.294297 3.851376
-9.120448 12.552705
3.667804 -1.319195
-2.178762 0.891998
-2.110769 1.162104
1.885802 -1.377373
-4.571145 5.061961
2.988571 -0.601659
0.138149 -5.002867
-0.589228 -0.002086
-4.663822 -3.208851
8.280096 11.615026
-6.327781 7.639781
1.677340 4.416450
3.278335 1.827767
12.712313 5.967374
1.404093 1.472370
11.901561 -6.167313
1.249380 3.149580
5.928900 10.862831
11.267604 4.374773
-1.309170 -2.744496
2.933080 3.847380
0.562091 -3.217377
4.327221 2.477797
1.637829 -1.221490
5.187692 -0.230930
11.927874 -6.628231
-4.414081 -2.707528
-6.567654 -2.791590
-8.902106 12.418743
-0.246547 1.415529
11.285850 -5.772523
-1.446614 -5.843188
-0.679819 -0.908765
-0.580459 8.067017
-7.919837 12.272488
-2.885713 1.394017
-0.107231 2.093109
-5.504798 1.618122
12.040212 3.804812
-2.622976 3.029049
7.805487 12.746910
0.552128 0.509417
12.458643 2.472044
1.008348 0.828447
7.668188 12.696100
-2.892860 0.620236
-2.838966 4.143939
1.049441 0.995324
-3.794741 0.673894
4.472346 12.784053
10.305348 -7.221423
12.845120 -5.535003
1.641328 0.116783
13.363811 -6.093680
11.972971 -6.988447
2.981145 -2.731956
-1.928899 -3.115829
6.289419 11.276355
-0.780360 1.389889
11.637275 -7.038843
12.740139 1.332758
3.644494 -3.570318
-4.780500 12.766819
-2.578659 -6.874355
-0.375393 -2.181464
1.669241 -5.171476
-0.241431 4.323363
12.183349 -2.789931
12.595949 4.168381
2.899993 -3.207265
3.268756 12.099165
0.277589 9.084106
3.609355 0.184376
-3.800049 -0.584865
12.134748 2.511964
5.857572 12.323739
-3.556215 -0.557871
11.022870 -6.112118
9.727104 11.980446
2.567028 -0.835551
-2.508256 2.003433
3.570931 7.231241
0.035027 5.970221
1.107092 -8.429449
13.065258 -5.129040
-1.807014 1.580693
2.194794 -5.227489
13.080609 2.308238
-3.063324 -0.253799
5.484034 12.149806
-6.285835 12.247738
2.475218 0.873301
-3.584903 5.061902
7.455288 12.479417
-0.941159 0.876300
0.708495 3.236745
6.477147 11.367954
-4.461319 1.914035
0.847792 -0.572472
-1.068841 -3.024156
-3.690913 -6.655245
5.229326 11.301162
7.597459 12.461549
-1.032809 0.602688
-0.923089 5.288579
3.779729 11.378477
-1.113214 -5.871310
4.985581 12.273211
5.729854 1.915524
-2.583976 0.740180
2.216117 -1.843031
3.671184 0.236727
3.154492 -8.678709
-4.707281 12.357896
-1.448408 -3.826689
-3.288538 11.264923
-3.559987 12.150381
-0.493086 -2.548709
11.064263 -6.700327
-9.228360 11.564529
-3.177795 2.507563
5.935193 0.995468
0.154599 4.852416
7.157121 11.583502
-4.769848 -0.320728
-5.950447 12.230623
3.015756 -3.609828
2.025442 -1.685531
-0.476721 1.258420
-2.098118 -2.651364
3.014467 0.344756
0.730583 0.958181
1.523311 4.471262
-3.597846 11.545545
-4.242643 0.543546
10.526216 3.469767
3.751406 1.697529
11.863205 -5.723722
12.854365 -5.422379
-4.876740 -1.261580
-1.906446 0.247072
3.045719 -2.586849
2.116279 5.028452
-1.962857 0.799783
-5.667489 10.977967
1.391838 -5.405589
-1.229841 0.336006
-2.819749 -3.535727
4.055166 -3.101393
6.564572 12.172370
-6.275773 12.437763
10.053369 3.668789
5.677052 -0.468779
2.826868 1.305666
4.591019 4.729244
6.410375 11.636534
12.528483 -6.784025
12.232345 4.753422
-3.231829 3.512363
-9.721898 12.496097
4.713855 -1.873380
-4.469665 11.894915
-4.476060 11.777366
12.206158 3.820424
5.456870 12.241949
0.292715 -1.179530
13.056227 -5.386949
4.149375 -7.604538
10.939135 4.603779
-1.527418 -3.050332
5.098461 -5.956254
-3.487136 -3.713704
-9.708522 11.357964
-3.624380 -1.522747
-1.154185 -4.067391
-0.834161 1.691032
4.375543 1.678764
1.950769 4.292320
1.348102 -4.864221
6.339718 11.739948
5.536452 -8.080818
4.143934 -3.955508
-6.325612 12.049613
1.558627 3.506977
-1.307042 0.616598
11.739103 -4.322928
1.330248 1.893360
8.077632 12.639045
-4.901780 1.511728
-6.528202 11.973432
-2.852435 3.837204
-2.539613 0.100920
-4.104312 12.617811
-3.145064 11.637714
4.142328 -2.839319
4.554394 0.067451
-5.288192 12.123857
4.760930 -4.932200
-4.682622 -1.263619
-1.502451 -1.843040
12.170272 -7.697773
4.192776 -0.424452
10.453879 5.139516
-2.448642 3.423334
7.700652 12.283691
1.822864 -0.847626
-8.592071 11.816755
-8.612900 0.532390
11.907756 4.251165
-3.322521 -0.455916
0.740553 7.913228
2.757400 1.973973
0.151527 -2.311063
-4.091042 12.063067
-0.045024 -4.060807
11.585313 5.487854
8.927025 12.309700
-3.749523 0.823684
1.582352 1.746003
-7.599163 5.980385
-0.574944 -0.372563
-1.616390 -0.292676
-5.538186 12.323518
0.033743 -2.260881
12.121545 -7.755076
-2.425842 11.699182
9.788062 -5.674734
13.035866 2.300966
7.497356 5.277007
4.818953 0.272618
-4.386247 -1.120187
6.528319 11.757970
10.783155 6.212513
1.774552 -4.953347
6.206077 11.850889
5.184741 13.269925
-7.389474 11.984770
1.460095 0.959676
6.919441 11.142519
6.391871 5.722329
-3.418716 -0.951355
3.807533 1.310290
4.452329 0.134508
-1.867410 2.658470
3.564597 2.437222
1.574331 3.518320
-7.615275 11.919727
-4.542163 -1.520497
-10.698463 12.345800
-3.263900 -0.948589
-2.586840 11.382513
-8.417245 12.557153
6.729130 2.227532
-3.466342 11.927265
-1.302044 2.122537
-1.034081 2.829041
0.376554 -4.407396
-6.615707 12.179472
13.339855 -7.538058
-7.086124 11.614355
-3.665769 0.212275
-2.482268 -4.662717
1.263584 0.240088
-1.361157 -0.471384
3.416969 -3.363673
-6.522977 12.394708
-8.003652 12.052661
11.193248 3.972056
7.310754 11.880092
2.508513 -3.291781
-7.115953 12.178830
0.813734 -0.025675
-4.843377 12.327476
4.570669 11.741209
-4.091981 0.255921
12.506289 4.418508
8.024945 12.707415
-0.169838 1.118890
7.087516 11.633509
1.821287 3.927906
-0.300845 -0.122639
4.776031 -3.699695
7.548919 12.622007
11.515198 2.507843
-4.400475 12.013058
-5.965229 12.146360
0.715406 0.288150
1.500802 2.337551
-1.114798 3.255068
3.093935 5.036433
6.842707 11.929221
-6.113178 -6.756138
0.442033 -2.798867
-2.078253 -4.225521
-3.052277 11.977518
13.366775 -4.856410
3.970725 11.420448
0.108886 -1.206585
-5.348225 11.191537
2.298683 -5.047236
15.400728 4.117123
-4.280750 3.488174
-7.060686 11.861260
1.781449 11.299883
1.635938 12.429151
-9.638345 -2.461092
-6.610122 12.223291
-5.605227 11.385811
-4.629645 3.372622
-6.893926 12.092736
-4.271705 -0.173428
6.105826 12.011549
2.938768 12.484043
0.392542 5.896202
-2.928815 -4.558469
5.578796 11.185803
10.107895 4.400422
-5.507614 12.580752
-5.895981 11.731166
0.905857 -1.407548
3.045595 -3.592224
-3.808889 2.894494
-4.070997 12.570793
-6.698101 11.847363
12.181269 5.436974
-1.275033 6.736366
2.568700 -1.262622
-0.006241 0.362705
2.534366 -5.240539
-3.341803 3.162678
3.078284 -0.441345
-4.553235 -0.122251
3.349804 11.194230
3.299243 -2.145300
-2.311611 1.126654
10.869627 3.974881
-6.666096 0.356917
11.438413 11.829552
-0.858502 1.100325
5.762618 12.753014
3.431583 -1.214404
-4.538590 4.588421
2.894339 12.305400
3.476303 11.594262
-3.444107 4.090782
-5.070679 11.633201
-6.003383 -1.504522
6.509170 -6.469894
-5.147343 12.146132
-6.939468 12.930336
13.385885 4.829380
-1.493296 0.826073
1.615400 -4.526021
-4.719566 11.813574
-5.617174 11.667467
-5.490052 12.392389
13.476538 4.062608
10.272569 -5.210811
-0.162235 2.953407
2.088015 -4.635570
0.895745 1.031354
-7.719016 -4.189047
2.116235 -0.980277
13.446958 4.765930
-1.737094 1.006208
2.727436 -0.998791
4.742757 11.817657
-4.035558 1.523944
-4.338597 12.100947
-4.752814 1.141689
-0.539857 5.457713
-4.306147 12.304197
-0.229170 -3.252185
2.540503 5.179896
4.784333 11.292944
0.364458 -0.157125
-10.748181 12.152401
10.003120 11.663222
-4.879336 -0.997737
-1.170362 -4.905977
-7.370184 12.276104
2.083502 -0.750894
11.252907 -8.619439
8.223657 12.856250
-3.892614 -3.059594
13.473566 -5.625041
0.004254 -0.464787
-1.438347 5.438930
-6.296579 12.161186
-5.678973 11.701742
-3.001647 11.553227
1.012786 -2.256318
-8.673640 12.893352
-3.331644 1.789930
-6.634148 11.637280
-3.033636 -2.551388
-4.585972 12.081004
-4.423073 11.732376
1.815842 2.382300
1.084178 -0.362129
1.883045 2.993492
2.037679 0.044366
5.047894 2.841742
11.740285 3.621898
-7.360915 11.624916
-1.892383 -4.294873
3.259145 -2.983204
13.182274 -6.423323
-3.987399 3.099069
3.984827 -0.597734
6.272848 12.670534
11.786176 4.091494
12.764409 -6.044206
1.079808 2.281525
-5.866604 -2.312914
0.263216 -0.111702
-6.157567 -1.708342
3.452086 11.750267
8.648904 12.312372
0.350134 -1.868386
0.379781 7.445403
0.483527 -5.640794
0.338611 1.353698
3.620868 -1.681466
0.708900 -4.636756
4.962247 11.283869
11.954891 -6.442475
-2.629702 1.407666
-1.505160 0.318116
-4.655021 1.489378
-2.933296 -4.580417
-5.103540 -3.293067
-4.907807 1.368530
4.132426 11.710712
1.140426 1.979939
4.239926 0.697608
-4.797592 12.684428
3.767989 -4.269782
6.859268 12.529055
2.119871 12.245779
-5.259062 -1.463057
-0.449977 -3.534290
-0.295824 -4.963314
-3.845421 -1.613803
0.676226 2.003388
12.053285 -7.325690
1.449711 1.548454
3.719625 12.317022
2.725977 -2.104351
11.783481 -6.641778
1.638183 0.985342
-1.396845 -3.390462
-7.922556 12.213615
-6.426365 -1.935447
10.852229 -7.962834
1.323507 -1.541171
2.364814 0.891947
-1.469843 2.283916
10.350125 -7.399126
1.728062 2.234099
10.304105 -5.685135
1.381202 2.559463
-3.529854 0.315178
6.959646 11.321890
9.700938 11.925919
2.906755 12.264755
-2.612183 -3.710244
1.693655 0.348532
4.543664 -0.457456
1.086953 -3.625622
-7.696030 13.102704
4.386915 11.162683
11.548027 -4.526954
-6.652106 12.170552
12.907500 1.304908
1.300333 3.326501
12.039922 4.346680
12.142248 -7.392893
-0.704016 -0.900763
-3.692713 1.950744
-7.556978 11.431877
-1.456328 9.048316
-0.225621 -4.016448
1.087729 -2.829340
-1.242567 -0.345625
0.931511 3.509691
5.739799 2.091784
6.466582 -3.804514
5.515136 11.271389
-1.202649 3.244997
11.990564 4.705312
2.634588 5.507857
2.478736 -1.679533
-0.205813 0.460726
4.760047 0.287230
12.156955 2.759803
3.410363 -4.149501
-3.426215 1.285733
-2.347648 -2.467933
-4.259731 -1.381123
0.887910 -2.802468
-1.286594 -3.692571
-3.973123 11.652504
-0.953827 0.274888
5.125907 1.303594
7.944962 -4.036714
5.717647 11.962789
-0.510270 4.079860
13.115210 4.840180
6.904029 11.727933
11.290335 0.450916
5.290540 12.748882
11.580735 -4.913977
-11.037918 11.089626
7.266471 11.442335
11.996884 -4.737972
-2.099297 -0.095205
-3.342148 4.905486
-3.881767 11.929132
-3.056674 1.556535
-1.332765 -4.383550
-1.148156 -3.732632
-2.020054 -5.240687
0.506933 -1.216878
-3.752023 -0.569977
11.637069 2.501628
12.787182 4.929460
-3.665208 -0.769108
0.450770 0.535530
-1.168592 0.737476
2.447780 1.995449
-4.398300 13.233293
4.226850 0.290245
5.240706 2.178198
-7.345481 11.737255
-1.221663 3.768197
2.755866 -1.226050
-0.388885 -0.057112
0.402778 1.401692
2.503925 12.538781
7.621850 11.304321
-2.963258 0.981526
3.851232 2.786509
11.502894 -5.319508
0.715513 -6.907391
-3.851166 11.788790
3.423479 0.824838
-6.544715 -1.074193
-7.074401 11.884516
-4.491696 2.280798
1.679690 -0.754673
5.602892 11.153498
-3.666439 -5.242402
-2.436381 -5.541106
2.077734 11.665739
-2.963643 -3.884301
7.097921 12.040186
5.145645 12.298136
-3.376644 -2.144774
11.164326 -6.114113
-4.000820 -0.812570
-1.105816 3.371675
6.958996 11.745449
0.658477 -1.832607
11.333794 -6.900518
4.780679 3.650522
0.635307 -3.150275
12.225968 2.116464
-1.772625 2.832050
13.210553 -5.470167
-1.446406 -2.116233
-8.435922 12.179750
1.151481 0.126113
-2.877920 -3.573690
4.078087 2.196154
2.459414 1.256862
-5.385308 -7.934774
-0.690581 0.773197
-5.564389 12.128372
12.337478 4.705926
-4.118629 -1.408425
-5.844010 11.942925
-0.898999 2.589882
-6.732465 12.668888
-1.899801 2.429604
6.599811 12.477233
-2.021386 -1.934151
-0.494627 -2.879816
11.272308 5.010749
12.053416 3.605779
10.708893 4.868720
1.972339 -1.462853
1.435480 -3.974274
1.217400 2.458706
-1.580406 9.802472
12.011926 3.695883
1.265478 -1.952464
0.932837 4.993296
-1.541311 0.100655
11.251458 -6.826597
1.242436 -1.035673
-3.570851 2.341642
-1.931857 -3.770495
6.001589 11.433246
4.203100 -0.707796
-9.496836 12.655835
-2.244312 3.469069
5.935479 12.201047
13.511302 -6.100178
-2.090403 -3.599319
3.101075 0.213062
-0.525622 0.853618
-2.407937 -5.401528
0.807145 1.029565
0.058634 1.795713
-5.817823 11.750384
11.724370 5.558722
-0.979184 3.833602
-3.732953 -0.143404
3.324621 2.752413
-3.762899 12.440566
1.535848 3.460778
-2.198540 -6.179783
10.614766 -5.569169
12.078278 5.046981
12.501145 -6.696926
5.568540 0.907234
-5.533412 4.016953
-6.278866 -5.317036
-5.594583 11.821536
3.476828 12.881431
11.969736 -5.169661
1.113400 12.854473
5.100883 12.373587
11.147662 4.008417
1.910687 -1.944689
-2.507664 -0.794548
1.487012 3.981439
-3.561541 12.329514
1.411071 -1.995445
0.990621 -0.635798
-3.283820 3.535302
-7.266591 10.878169
0.025892 -0.670075
1.842916 -1.345868
4.907081 12.188545
-1.266824 2.730025
5.404682 12.763414
6.345575 11.721650
-3.721346 3.021299
1.349352 1.995580
-2.581521 -0.473983
0.301412 -1.730862
3.451983 3.756793
0.961173 -3.528696
-0.024521 1.608601
14.311673 11.857639
-0.262202 2.304443
11.659665 3.823870
-8.890369 12.777693
7.755969 11.340260
-1.337160 -7.991974
-4.469068 11.923199
6.648952 12.982927
0.934146 -1.949335
11.935238 4.743334
6.471067 12.479065
-1.256633 6.517944
5.547465 0.455466
-3.168025 4.257782
0.790864 1.153490
-0.355223 -1.711481
4.417232 -0.173407
-3.455942 0.215701
5.181819 1.319654
2.837536 -1.306394
11.853731 -5.707457
9.830156 12.003394
3.012776 0.952770
3.222199 0.950142
8.459689 11.805156
3.407610 11.808036
12.178086 4.256618
-10.427234 12.075002
0.427820 -3.447161
13.030480 3.085387
1.285507 2.259872
2.649622 11.769975
4.939648 12.298081
2.906016 11.845372
-0.472819 -5.374226
-2.508937 1.530202
5.164498 -2.276533
11.578744 3.731704
4.128141 -0.623800
-1.735407 1.323722
3.848937 -1.748048
0.193225 -1.381175
1.457289 -1.015858
2.508420 -2.130896
6.508023 11.422758
-0.588889 -5.394007
8.531004 11.909151
-0.652861 1.982806
10.786603 4.786198
-7.725958 4.136726
-4.895274 3.208225
6.380740 11.654656
