5.580536 8.294092
9.286666 3.893619
8.141539 -6.644977
9.273865 -2.879881
7.126019 -6.690368
7.730833 5.719608
9.474133 -0.472780
6.567418 -7.086640
8.372146 5.568098
8.889500 4.123198
6.243722 -8.042425
8.014731 7.104128
6.949101 5.810216
7.609417 -5.933383
8.779672 3.775982
7.736381 -6.537535
7.071658 7.394932
6.430407 8.137544
8.067400 -5.925517
7.213784 -7.196927
7.410746 -6.003929
11.093886 -0.094923
6.554830 8.629811
8.107060 5.919152
7.350031 -6.320514
9.935172 -1.432158
8.509745 -5.122829
6.371307 -7.876141
9.868428 -1.816319
7.765572 -6.711931
5.799645 -7.451341
9.721129 2.995014
8.402089 5.497723
7.761886 6.052313
8.230268 -5.119758
9.354336 -2.749088
9.329518 -2.712566
5.468783 8.730358
7.078800 7.683187
9.209188 -2.001646
8.826536 3.911015
6.366122 7.664787
8.857260 5.239704
8.319685 -4.265178
9.149221 3.887692
9.005664 1.360372
9.720513 -0.125845
10.252282 -3.456831
6.289403 7.545147
7.261906 7.088534
6.076936 -7.653156
9.872063 -2.360122
9.975530 0.465180
9.609180 -1.732712
8.540757 -4.408437
5.009978 9.106737
9.343919 -3.458996
8.728547 4.750033
9.436462 -5.374507
9.538091 -3.721965
9.172683 1.291723
7.838423 6.411522
6.625686 -8.087465
7.915247 -6.842812
7.234402 6.789462
9.639738 -0.413207
6.793209 8.338745
8.314833 -6.215008
10.101888 -0.902064
5.311327 6.988471
9.824935 -2.913138
7.608140 -6.991834
7.747736 -6.746732
9.605521 2.360229
7.574576 -6.295652
10.298504 -1.179095
6.076811 7.561573
6.512305 -6.246726
6.700085 -6.816027
9.680268 -5.391297
9.828917 -2.595997
9.368551 5.109238
8.540107 4.868886
5.530544 8.240646
9.654416 -3.007137
6.726280 -7.157080
8.095049 5.925042
7.223340 -7.011353
8.769496 -4.359289
7.004958 -6.447021
9.569869 -1.330371
8.226520 6.086128
7.957606 5.084821
8.697606 -3.369842
8.843228 -4.593071
8.999059 -3.548455
9.454596 -3.063542
9.167557 5.183978
7.314295 5.959978
9.936714 -0.935381
9.690287 -1.386998
8.659490 -5.047020
8.392551 4.743736
8.160292 -4.628034
7.292282 -5.094076
8.107418 -5.957874
9.335846 3.243302
9.456394 -4.426286
9.422633 -3.379060
10.350414 -1.776789
8.180510 5.665039
10.117429 -0.222584
6.541393 -7.400119
10.677811 -2.160903
4.102448 -8.874259
5.234905 7.617716
7.065293 -7.426228
5.876384 7.344571
6.789621 -7.878053
9.890942 -0.845642
8.480429 -5.220987
9.757160 0.180968
9.090632 -4.255296
6.412447 7.089566
9.937162 0.780130
9.081222 -3.934682
9.984703 0.300890
10.004198 2.198272
8.641839 -4.568936
7.047354 -6.411139
8.216619 -5.996718
8.710739 -4.975713
7.684180 6.460703
9.325519 -4.201307
10.087196 1.148743
7.973238 5.513096
9.466631 3.318297
4.966120 8.523106
9.391250 -3.799928
9.109601 4.104256
6.790491 -6.954746
9.055069 -5.017325
8.607958 -4.463972
7.443287 7.289028
9.454251 -1.891551
7.724028 6.658353
7.228087 -6.983255
7.168960 6.814452
6.012968 8.603547
8.902183 -6.812526
10.587090 0.129088
8.032827 5.514172
9.664631 -0.469732
8.648461 -4.270762
8.859189 5.792369
10.405710 -0.011444
10.139187 2.684774
8.199597 5.559092
8.021403 5.038378
7.479107 6.292075
9.738698 3.527757
6.595263 7.475944
9.092371 4.348476
9.818490 -2.581539
5.605126 -8.657455
5.789515 -8.443950
7.867072 -5.710032
6.152738 -8.015087
6.526511 -7.317677
10.446158 1.602690
9.032607 -3.294794
5.856000 8.756356
8.690357 -5.204127
9.522604 2.724331
9.060560 3.153991
10.278337 1.454164
8.716406 -5.872835
8.529187 5.107637
8.692007 3.655198
7.698700 -7.027484
9.282200 3.168929
9.726615 2.544123
6.275311 7.933538
7.642160 4.744965
4.824335 -7.857367
6.744670 7.644571
7.215033 -6.642085
9.177648 3.455173
8.772317 5.838441
10.150792 -1.717969
8.797695 4.739509
9.658764 3.172619
9.036153 3.801383
8.849339 -5.260907
7.877953 -6.524429
6.748411 7.087106
7.797742 -6.961600
8.298525 4.520922
6.431097 -7.756205
10.079242 1.655920
9.636918 3.172405
7.524193 6.484068
9.377050 -3.084296
6.513277 -7.085984
8.917478 4.674478
5.689931 -9.091648
7.849787 -5.496153
7.471427 -7.431037
5.252588 -7.884265
4.973573 9.288922
6.886483 7.022150
10.547764 0.754348
9.419457 1.557178
9.366878 -2.827547
8.731797 -3.890156
5.884221 -8.785927
7.473169 -6.640997
4.982370 8.706950
9.457948 -1.897999
4.883825 -8.640148
4.670498 8.481333
8.667413 -3.407005
9.760989 -2.451026
7.691551 -6.744418
8.615389 -6.101475
9.546083 -2.435859
6.818075 6.981191
7.975943 6.811718
6.274395 7.441748
7.380123 6.895807
9.494290 -3.310139
9.646540 2.480537
9.762069 2.750763
10.198103 0.448736
8.748441 -4.651008
9.452656 -3.279275
9.001771 -4.433136
6.192087 -8.625213
10.213125 0.666947
9.048989 -4.162940
9.988400 3.712102
8.622564 -5.688099
9.788252 0.804359
9.509262 0.491377
8.956627 4.234154
10.354922 -2.991522
8.018386 -6.113252
9.541314 0.562556
5.164622 -8.219701
8.204567 5.977769
10.381829 0.649456
5.683246 -8.502754
7.564054 7.293764
7.773355 7.079350
10.677539 0.341211
10.560339 0.177845
6.696870 -6.659497
5.001963 -8.546692
7.679684 5.684729
6.898047 -7.193732
7.117227 -7.328905
4.598216 8.311618
9.458193 -4.001024
9.706213 1.081656
8.101258 5.920290
9.577934 4.316280
9.228224 -1.580410
6.865165 -7.604651
10.200311 2.438285
7.045841 -6.708977
9.799814 -0.292726
8.988809 4.190297
9.593883 -1.440887
5.743999 -7.869601
8.250626 -5.299430
8.934658 4.366109
7.060086 -8.179867
7.172933 7.510073
7.540905 -6.617084
9.044301 -5.503930
9.569252 -2.851536
9.288629 3.962878
9.328351 -3.432320
8.594006 -6.498033
7.598621 7.628543
9.775957 -3.901953
6.305551 7.975879
9.352329 3.770832
9.610200 -1.911461
9.649760 -3.154350
8.991938 -4.707533
9.475478 2.026324
8.498480 -4.978586
5.069447 9.067785
6.506088 -7.243565
6.402142 -8.067154
9.735419 1.715808
10.553608 -3.405285
7.061020 -6.728977
10.230853 0.262398
9.713905 -4.112680
9.605745 -3.334723
8.773511 4.009386
10.466062 -1.797798
6.670309 8.330949
6.676355 6.984904
5.817937 8.094421
10.976791 -0.291217
9.861656 -1.684934
7.038065 7.008590
7.010167 7.375277
8.459361 4.557363
8.773045 -5.048172
9.936172 0.047481
7.225019 6.698537
5.912841 -7.846408
9.203288 4.298313
7.821558 -5.700286
8.979134 -4.545976
9.321034 4.577663
9.924069 1.198041
9.418304 2.990648
9.969469 -3.154941
8.694588 -4.597766
6.746470 7.271461
9.012869 -4.616738
6.403725 6.940448
6.317560 -7.035922
8.812014 4.031203
9.968551 -2.040283
8.681119 -4.891522
6.961055 -7.758336
10.334870 1.261514
9.190528 2.906689
9.899109 -2.749694
10.197477 -1.486187
8.763447 -4.209857
9.765068 0.653011
9.976726 -2.020606
6.673506 7.630922
6.899815 7.279255
9.964986 0.431509
10.078655 -2.664225
9.270115 0.299027
5.223521 -8.655099
8.974021 4.664128
6.474792 -8.109514
8.197946 6.037682
8.993943 0.435816
7.299063 6.627749
7.054006 -7.394754
9.334355 -0.052381
6.922370 -6.957423
8.737810 -5.458432
6.456494 -6.686113
9.910081 0.539761
10.218571 1.352133
9.649481 -3.827565
9.772123 -2.156064
9.474392 -1.227279
9.918007 -2.632967
10.033394 2.187438
7.882744 6.401277
9.723242 3.037947
9.202799 1.289300
7.979878 -5.634019
10.038772 3.749530
7.868629 -6.609571
8.580314 5.670833
9.422041 3.911612
9.615321 1.431903
6.974334 -7.410732
9.624693 1.682463
6.390922 7.804952
10.349802 -0.877976
7.225434 -7.050345
4.659625 8.338134
9.342835 4.882689
8.026412 5.788163
9.860544 3.033374
7.426071 6.327909
8.266042 -4.871869
5.249823 7.587744
10.155335 -1.632250
5.585223 -8.022616
5.884389 8.256825
9.502364 3.898178
7.538085 -6.623851
5.368651 8.517281
8.512500 5.000001
6.336169 7.722160
5.806407 8.045881
6.524105 -7.613642
6.859984 8.260002
8.414084 -4.722761
8.751241 3.911838
6.905549 -7.369100
5.513696 -7.884544
9.636848 3.824720
8.929004 3.397644
6.993019 6.681018
8.760632 4.911326
9.423838 -0.205292
8.677587 -3.584254
7.645415 -5.654400
9.816357 -0.721406
4.858140 -8.510313
9.156836 -3.320219
6.531091 7.062392
9.008268 1.419619
6.091844 7.601827
9.433519 -4.379569
7.245054 -5.827815
7.750743 -6.717411
9.977799 -0.751199
5.882414 -7.589160
8.873259 -4.415126
10.267653 -2.440422
5.114769 -8.367498
6.706689 6.722418
8.310499 6.337470
6.353211 -8.552359
9.410499 4.632782
9.967611 -3.406721
9.656650 -0.930489
6.785001 -6.829213
8.880733 -1.216159
7.274570 -7.139982
9.519019 3.309093
8.810737 4.986851
7.087878 7.228397
5.409930 8.328688
9.435019 1.285237
9.894389 -1.448226
9.653553 -3.833216
9.833593 -2.419578
9.860370 0.349888
8.038409 5.512368
6.862200 7.321375
7.736338 -6.233363
7.755604 -6.250756
10.512807 0.646195
8.218902 5.022884
9.788477 2.226497
7.767909 -6.012056
10.090922 0.830016
7.236631 -7.527632
8.920035 1.553653
7.148437 -7.127502
6.096003 -8.267755
10.037335 0.431848
9.045555 2.377522
5.129437 8.955226
9.826672 0.762153
8.158420 -5.709031
6.436052 -7.827155
6.669666 7.149292
10.736479 -0.403611
9.094988 -3.495855
10.460558 -0.815222
5.419373 -8.555629
9.606039 -0.545126
6.708526 -7.823113
8.536769 5.714467
8.840887 -3.300575
9.206636 -3.936070
8.743489 4.360566
9.739565 2.741192
8.424933 -5.592175
6.718875 7.790577
9.558714 1.941045
7.797076 -6.433041
6.979471 6.968236
8.740129 4.307611
6.524747 7.367737
8.187542 -5.011168
9.264113 3.146571
8.933756 3.785769
5.550032 -7.634717
6.682130 -7.600531
9.966514 1.735153
9.800692 4.590977
9.854933 2.504489
10.719305 0.528867
6.094239 -7.732017
5.874416 7.218821
10.145375 0.076273
9.185295 -4.638208
7.070508 7.260963
8.073599 -6.227168
9.648468 0.772088
8.326450 6.335788
10.324209 1.010463
10.286146 2.491627
9.628870 -4.364863
8.053353 -5.615215
9.468913 -2.541597
6.798856 7.674377
10.047911 0.031807
9.419885 0.761619
9.384761 2.940438
6.554119 -7.204855
6.118996 8.951758
7.711600 5.663236
8.675629 5.214859
8.276224 5.517277
8.801653 5.574917
9.757272 2.369565
9.373496 1.109881
8.970343 2.765832
8.982651 5.282803
7.148671 -7.282954
6.728520 -7.513621
8.918223 4.436187
5.908241 8.830722
8.511816 5.309972
9.706934 0.951030
4.854528 -8.089976
6.678439 6.685030
9.490017 2.407889
5.668097 7.307663
9.688399 -4.505574
9.555778 3.671354
6.034299 8.108057
9.531223 2.150421
5.556415 8.217340
8.566378 6.735279
8.138925 6.804980
8.570194 1.246537
6.772013 7.805983
5.249282 -7.759169
4.459410 -7.866012
6.355566 7.782007
9.688399 2.538255
9.548291 0.848094
8.024889 -6.805705
9.712136 -0.071908
8.992885 -2.161563
6.207436 -7.903460
5.327467 8.603126
10.223166 -0.976109
9.705126 -1.744778
9.271284 -4.671145
9.167899 -4.144779
6.219471 -8.320017
8.210516 -6.044784
5.240022 -9.062843
9.431860 4.930485
7.122273 7.098529
9.414651 3.486687
9.232220 3.431034
8.903763 -4.659456
6.196350 7.191765
7.920096 6.958534
5.972639 8.689357
7.291805 -6.738929
8.876719 -3.362981
9.951042 -0.385232
8.042251 5.452492
7.107518 -7.884611
5.138139 8.486857
7.328298 6.886041
8.971543 -3.487522
8.887717 4.687523
9.044365 -3.772821
5.503898 -8.805804
10.595094 1.378349
9.805049 1.613404
6.453623 -6.704470
9.868233 1.084564
9.729196 -1.063332
9.236904 -4.982805
6.932859 -7.156067
8.900916 -4.506274
9.269752 3.671089
8.116353 4.720238
10.249964 1.529023
9.585489 0.595179
9.186740 -4.326407
8.478422 4.902666
9.878217 1.601310
9.839799 -2.851949
9.650637 -3.524832
7.732578 -6.148459
9.105693 4.480156
7.028243 -7.064493
10.291097 0.400680
4.841627 -8.194820
7.376529 -7.129824
8.758090 3.456704
8.309314 5.653842
10.924273 1.999793
9.241789 -3.863070
7.851048 -5.804072
8.601164 -4.899535
8.142556 6.068424
7.082701 -6.674288
8.353156 -3.915872
6.580352 8.517086
9.149184 2.906641
10.224943 -0.958463
9.481113 4.664776
8.229544 -5.709623
8.650447 -4.146410
8.024040 5.497958
5.398737 -7.940254
9.753208 -0.739489
9.763766 0.596541
8.984734 -4.557468
7.488722 -5.407555
8.274997 5.368860
7.870640 -5.614899
8.684091 -6.121591
6.994659 -7.289295
9.961346 1.098219
9.885962 0.467172
7.587603 6.097385
10.053491 1.655061
9.244250 -1.212632
9.679278 -2.114197
10.350602 2.912474
10.513754 2.274417
8.037996 -6.597616
8.289502 5.349415
7.049514 6.814357
6.091849 -7.073929
8.850507 4.594915
8.994719 3.782310
9.999191 -0.712469
6.771130 -6.501523
6.450433 7.191074
10.262537 0.798274
9.651854 0.677117
8.299317 3.462731
8.994475 -4.175307
6.871339 -7.561104
6.712539 -7.689456
8.054899 -5.465840
7.529980 6.366714
7.416264 -6.002563
10.031343 1.887930
6.379225 -8.858721
7.501145 6.302547
9.500254 3.937549
6.999617 7.117882
6.285290 -8.127185
9.264301 2.910818
9.824166 -4.648885
9.876312 3.073476
4.989058 -8.840793
8.460523 -6.167022
6.849751 -7.925915
8.242633 -5.495601
9.733531 -3.768795
6.302389 8.101583
5.614913 -7.549739
9.473277 3.726817
9.472913 -2.680391
7.867830 6.436435
9.888286 2.053690
5.859674 -7.372839
9.044559 4.974130
8.727146 -5.369278
8.073704 -5.420022
9.000985 2.465404
7.741972 5.690303
9.710731 1.430810
5.804143 -8.005184
9.297186 -3.896144
9.738692 2.349437
6.557146 -8.076845
9.032872 -4.654118
7.926851 -5.292770
7.761283 -6.642226
6.592826 7.928159
8.176173 -4.885272
8.654312 -4.513933
9.635274 -1.409157
6.373179 -7.901451
6.172899 -7.041361
7.798731 5.966468
6.023527 -7.849197
5.617992 7.796410
5.542234 7.800340
7.829194 -6.781950
6.712972 -7.439556
8.112558 -5.580518
6.416972 7.587452
9.317263 4.164527
5.426393 -8.044435
9.832041 0.269100
8.562525 4.819625
7.162034 -6.686936
7.828736 6.200221
10.228856 -4.267913
9.471552 -2.305150
8.296929 -4.967774
9.515977 2.506740
5.289207 -8.549639
8.198565 6.357652
9.267173 3.987339
8.587160 5.744328
9.950270 -1.999953
7.182371 -6.212754
10.800792 -1.073154
5.220657 7.535789
7.776037 6.035622
8.881446 6.106064
6.356351 -7.265056
10.130685 1.972333
8.906550 -4.160335
7.741088 6.717554
7.339803 -6.214217
5.149527 7.563955
7.657847 -5.508994
6.213129 7.550851
9.573426 -4.004927
7.166766 -6.873383
10.152770 0.417609
9.985968 0.497989
9.430125 -4.600305
8.210147 -4.995869
7.843872 5.802936
9.044146 1.543914
9.885319 2.527478
6.900150 7.169687
8.095468 7.118921
6.131147 -8.316063
7.652690 -6.651111
10.052297 2.862195
7.928486 6.488511
10.134180 2.694943
7.329307 5.152333
10.206300 0.558386
6.224694 -7.560479
10.343866 -1.808257
9.448201 -1.736215
9.969683 1.238059
7.438172 6.828315
9.385210 -4.712027
7.852578 -6.935629
10.030852 2.282549
6.779795 -6.747059
7.891305 6.320554
7.629814 6.043743
9.696788 2.582521
9.220601 4.323282
7.215738 6.923306
9.309683 3.465328
8.001446 -5.961913
6.154564 7.976622
4.925986 8.437704
6.477883 7.757745
5.928735 7.445147
5.217302 8.955321
5.151888 -8.017536
9.563664 -1.845446
5.788625 -8.532694
5.642883 -8.805268
8.651222 -6.296781
7.043411 7.398539
8.983104 -5.663433
6.255393 7.056570
9.810241 1.419608
10.203776 -0.649901
7.170933 -6.936114
8.597516 4.355078
10.173854 0.993582
9.293404 3.683094
7.449053 7.769333
6.108606 8.340328
9.453066 2.618393
9.698749 -0.656705
9.825611 -0.294723
6.658729 7.178629
10.142985 2.711129
9.455558 -1.297177
8.289888 5.473795
9.065657 5.154922
10.713250 -0.104415
7.502465 -6.264571
7.604755 7.420116
8.054188 5.842353
5.850629 -8.643284
8.977276 -4.128197
8.829762 -5.443158
5.860802 8.462091
6.635873 6.746079
9.706838 -2.580272
7.918865 5.962071
7.125695 7.698666
9.227455 3.760950
9.706257 4.248453
9.465223 3.769602
8.415720 4.533972
9.010151 -2.077967
6.170295 -8.201624
8.082527 4.722327
8.552103 -4.795518
7.361214 -5.993585
8.360666 4.763284
10.328436 -1.933851
7.611230 7.611841
7.072385 6.019809
8.272740 -5.469952
9.084390 3.993995
5.852559 8.413550
10.456316 -0.268092
9.613494 3.278842
9.561985 -3.601028
7.116214 -6.163680
5.973068 8.542305
7.149363 7.156896
5.446146 8.748723
8.967742 4.054719
6.962797 -6.880012
9.687208 0.924036
8.630493 -5.307747
9.661691 1.920405
8.604161 4.309430
10.026504 -0.428105
8.898117 -5.193072
9.497468 0.019338
6.379447 7.930775
8.657851 4.948173
10.046627 -1.190363
7.146061 7.021583
4.783061 -7.800522
5.772289 -8.430222
9.600270 0.946671
9.387317 -4.024029
8.556968 5.798534
6.117043 7.313546
9.593261 -2.751880
6.282272 -7.538149
9.612562 -1.224431
6.608648 -7.167053
6.101490 7.517904
7.536209 -5.504464
6.357811 7.569605
10.067245 1.344454
8.469497 5.999031
8.896266 3.635564
9.832524 0.676287
9.989925 4.510156
9.367324 -0.546445
10.708033 0.001364
5.590344 -8.707212
9.353568 -1.864523
5.531970 8.833525
9.416607 0.333846
7.236929 7.228569
9.766488 -0.965400
6.364359 -7.212542
10.202758 3.223988
10.406498 -1.987037
5.068855 -8.340722
7.342911 -7.401213
9.545088 -3.153212
6.612914 7.698448
9.441946 -4.485921
8.172794 6.761173
5.212984 -8.702239
9.492134 -3.111266
9.818613 1.112003
5.563612 -8.157630
5.352605 -8.322510
5.640797 -8.597730
6.648423 7.249275
9.921043 1.043337
5.778039 -7.816277
7.690153 -5.632820
10.361652 2.323510
10.735324 2.821041
8.611039 5.075977
9.705184 -2.393260
9.938199 0.236400
6.511888 8.357435
10.336021 -0.587526
8.026866 -5.277150
7.586557 6.556918
8.703920 5.315501
8.892890 -3.882704
10.266864 -1.136328
8.759481 5.384992
4.652986 -8.637384
10.394494 1.584021
9.319254 0.210007
9.121575 3.095867
7.101997 -7.318760
7.588183 6.395848
9.573461 2.586961
10.007654 4.545990
6.334075 6.960872
9.262197 -2.580731
6.654334 7.687580
8.986233 4.754851
4.788687 8.814843
7.163098 -6.772472
9.283493 -3.939770
9.090033 -5.135941
6.940588 -6.677269
8.408552 -4.618904
8.866593 3.677549
9.328280 1.893879
9.726848 2.480969
10.410016 2.038728
9.555212 1.563391
8.695660 -4.826154
7.823636 -5.491925
9.342257 1.682561
8.320440 -6.037711
7.940810 6.647941
6.601918 8.090711
6.190514 -8.395418
5.021061 8.412194
5.848764 -8.152337
8.333735 -5.501850
10.091466 -0.099741
9.118300 4.827936
9.692293 1.788699
10.267974 0.888883
8.972478 -4.217400
8.733031 -5.203543
8.719394 -4.313493
6.909315 6.665765
10.068033 -2.102946
6.973921 7.610545
7.684585 -5.868476
5.907947 -7.351683
9.501249 -0.007268
9.772670 1.400853
9.552087 0.775628
10.235395 0.159538
9.427027 -2.395422
5.519323 -8.184725
9.951592 -1.313201
9.446675 2.823054
9.309665 3.955861
9.526433 -4.419831
9.060191 -4.796167
8.694069 4.187739
9.323421 -4.684414
9.619907 3.278409
7.467920 6.419773
9.320040 2.080770
5.769847 -7.889592
9.764200 1.767097
9.222937 4.067704
5.990536 7.786413
8.094770 5.966924
8.015052 -6.079157
8.125895 -6.292256
8.057816 4.800854
9.311429 3.014873
9.232077 -5.945384
9.593612 3.066485
8.856828 4.930383
5.730128 -7.885270
10.013316 1.621873
9.288299 3.910369
8.476811 5.077056
10.137114 -0.183549
9.093083 -4.525358
9.319507 4.017929
9.905940 -0.008309
6.113783 8.539580
8.117918 -6.562834
7.597260 -6.699564
7.689117 -5.933661
5.856200 7.700492
10.041744 -1.156783
10.317789 2.785661
10.126939 -1.265310
10.702975 1.428644
8.223290 -5.293249
9.242795 3.443365
5.023371 -8.668854
9.866218 2.492225
8.285661 6.971575
6.913297 8.203775
10.075533 -1.497190
7.371091 7.246230
9.298114 -2.084195
9.498848 4.484371
10.082162 -3.918173
9.558881 1.293471
9.118873 3.560720
7.784478 6.218694
6.068101 7.780160
9.699633 -1.353294
6.193860 8.668512
9.435322 1.621548
7.567992 6.079683
7.202745 -6.844274
8.307505 -4.427338
9.573473 -1.484869
9.143897 5.180491
9.262667 3.844067
7.176841 -7.123083
8.699244 5.364600
9.805970 1.346571
7.057704 -5.143022
9.843819 4.618288
9.647739 1.774531
9.854179 1.930116
5.966883 -8.260875
10.171748 2.172935
8.664749 -5.187703
8.771925 -3.885770
5.445022 8.508005
7.426224 6.582679
8.390179 -5.903247
9.449041 3.650302
9.554685 -3.455108
9.692269 -1.375466
8.769054 -3.749022
7.243757 -6.154946
9.215219 0.577360
9.431909 1.890495
8.717578 3.414204
8.075583 5.989368
10.359582 -1.379804
9.775060 0.033229
8.140654 -6.060627
10.167191 -1.608881
9.460272 3.819161
10.016454 1.371268
8.491275 -4.672840
9.820473 -1.437200
9.143037 3.216085
9.890598 -0.301000
5.731401 -7.870387
10.098731 -0.786476
9.519316 0.746194
5.063040 -8.555172
5.792704 -7.676827
9.387968 -1.905408
8.062028 6.190379
9.612861 -0.014483
6.886142 -7.268100
8.585298 -5.405254
8.329307 6.292974
9.002413 3.644069
5.186673 -8.509495
4.466250 -8.488222
7.805655 6.797435
8.952773 -3.700031
9.222122 -2.562099
8.348064 -5.648522
9.256074 -0.241049
5.262207 7.952771
9.223176 -2.020165
10.105760 1.955928
8.163736 -5.387793
5.019644 -8.542867
9.227032 2.142692
8.875292 -4.109908
4.570168 8.934281
8.348744 -5.198325
5.968134 -7.692296
4.786592 8.657143
9.173018 4.039807
9.805391 -2.333950
8.063923 -6.536103
8.906486 5.960439
7.930463 4.779697
9.679002 3.639765
7.234404 -6.656954
8.023659 -5.195874
7.332690 5.302561
9.315210 -5.190476
9.311439 -4.198185
9.320859 1.312366
6.637383 -6.553290
9.912783 -3.410402
8.314562 -5.100530
9.387183 -3.647470
6.464978 8.223295
6.954428 7.028155
8.118564 -5.367593
10.217108 -0.917497
8.054001 6.080023
5.343097 9.345586
9.859085 -1.105672
8.641384 -4.364916
9.936205 1.910041
7.491975 6.614339
9.200073 -4.277892
6.782831 7.109284
9.344318 -2.661046
6.632007 6.447292
9.898308 0.525735
9.897867 -2.422262
6.680943 -7.454048
6.991870 7.081710
6.846636 6.485757
7.136752 7.231045
5.718391 -8.660333
8.049892 5.974126
9.852706 -1.779292
7.697202 -5.726295
9.844091 1.358645
7.748955 -6.943750
8.811617 -3.805303
6.362465 -8.066848
6.648226 6.954262
6.273062 -7.639410
7.710177 -6.870699
7.363225 6.534090
10.229370 -3.283702
7.255615 -6.625152
7.372766 -7.369545
10.324311 -0.051400
6.093008 7.992018
10.268247 -2.468222
9.491261 -3.572253
7.493476 6.353129
8.744944 -5.175195
8.954023 4.313102
7.281854 7.989235
5.529733 8.782425
5.826813 8.285382
10.236402 -2.277001
9.967230 -0.800319
10.265419 -2.909919
8.648842 -3.676573
10.448893 -0.834543
6.562505 7.235342
10.451408 -0.664966
5.731978 7.907282
6.336300 -7.252000
10.001735 -2.070657
10.135959 0.391455
10.314423 1.022722
8.667442 -5.662591
7.661200 6.541203
9.472989 -3.186462
8.592379 3.329096
8.522630 -4.681534
6.244245 -7.640617
7.557231 -7.309082
9.322142 -4.369831
7.213782 5.592482
9.930359 3.619383
8.587584 -6.435171
7.963598 -6.107657
6.242174 8.253320
9.127156 -4.707393
9.199552 -3.711083
7.851907 -5.609266
9.959891 -2.069210
9.138173 -3.291710
7.778842 5.724718
6.300103 8.029814
10.160682 -0.489749
9.823420 3.084049
6.686322 -7.013750
8.549393 4.006676
4.810939 9.001526
8.668798 3.755391
9.718807 -0.014724
5.649497 7.744863
9.774768 4.447216
4.824047 -9.100621
7.006125 -6.761172
7.531258 -6.406019
8.755266 -4.027254
5.283705 -8.203315
8.448746 -4.745669
9.638583 3.515970
4.540471 -9.350411
9.979696 -0.701892
10.190802 2.116974
10.428446 -0.795795
8.619554 -4.094234
6.485336 7.513918
9.052912 -3.680938
9.667152 2.711470
7.212596 -7.702519
6.386909 9.372402
7.763435 6.582641
10.318256 4.161998
7.565457 7.007678
6.535120 6.361341
9.776356 0.813004
5.287966 8.006159
8.700893 6.001651
10.112927 1.066434
9.720136 -0.918956
8.754479 4.867281
7.446221 6.873527
4.972058 9.028127
5.552070 8.218225
8.886738 3.915195
7.373025 -6.593265
6.982882 -8.094867
6.794667 6.988177
7.532644 5.852143
6.651582 7.020295
8.033191 -5.420913
10.417180 0.098896
5.934254 7.283886
6.478924 6.881183
8.801209 -4.299850
8.124305 -5.787237
9.494831 -4.237702
7.491962 -6.780422
9.308960 4.776989
8.415502 5.860166
9.233097 4.825595
8.587320 -5.009089
8.217549 5.490671
9.575694 -4.947905
5.083471 8.106833
8.681635 5.085049
5.979992 8.049830
8.755080 4.339075
9.884798 0.994553
9.383253 -3.288844
8.370620 -5.190123
10.378474 1.077141
9.458635 -3.267165
4.754707 -8.172969
10.562775 1.289502
8.149301 4.380571
9.942473 1.570096
10.050285 1.728363
9.895719 1.012032
6.225991 7.905195
6.675197 -7.890986
9.321402 2.760192
10.162626 -3.178488
6.943021 6.654688
6.685796 6.509259
10.129727 -0.598953
9.696308 3.095977
5.742400 -8.870912
5.289202 8.629157
9.329855 -5.315258
9.560674 -4.814844
9.412252 4.395388
7.794381 -6.923216
9.407914 2.315754
9.964002 2.917679
9.466724 2.771587
9.478127 1.616441
8.810872 -5.092834
9.019362 4.900897
6.900208 -6.386407
9.752003 2.339783
8.239419 -5.490866
9.178242 -0.869089
10.334836 -3.873217
9.965704 -2.255159
9.832197 -3.131694
7.587490 -7.764650
10.022499 2.172006
6.897943 -7.516411
9.985158 3.475553
5.587314 8.129409
9.517425 -2.409669
5.074410 8.090951
9.699175 -1.679308
9.756977 0.136331
6.602078 7.192832
7.393371 7.370406
7.075956 -6.779555
9.248415 -4.234954
5.451346 7.221575
9.415588 2.998442
9.201548 1.421056
10.161615 2.226890
9.158084 -4.944078
9.702490 -2.408092
9.548707 0.147199
9.782578 -0.165355
4.977797 -8.708832
10.226178 0.821283
7.681025 -7.261414
10.703401 -0.288743
4.847014 9.462651
8.981125 -3.458830
9.654426 -1.235899
9.287783 4.275394
6.984227 6.501888
10.301587 0.145470
10.317949 0.559254
10.162765 -1.489688
9.463845 -5.583258
5.742691 8.717350
8.007978 -4.270927
10.370585 -1.537328
10.008852 2.515193
8.817648 5.155410
9.934254 0.018175
5.114641 -8.329893
5.638816 8.049150
6.989354 7.980505
9.743190 0.548940
9.182202 2.229487
6.858852 -7.013912
8.500613 -5.141749
8.278422 -5.135728
9.984951 -0.379009
9.654545 0.244823
5.623468 8.784315
8.249987 -4.986321
10.688400 0.688062
8.336139 4.965731
8.847307 6.003495
6.463804 -7.739697
9.536332 0.027877
9.587291 0.505310
5.645508 -7.772156
9.703993 -2.869674
6.730410 -7.406354
9.591689 3.539821
6.932089 -6.974766
8.436969 -5.978259
7.041211 7.218306
6.317413 7.865850
9.360165 -5.046645
7.735629 -5.598115
10.173480 -0.969465
6.453382 7.618627
9.623516 2.564994
8.855058 -3.964458
5.829701 -8.365985
9.188374 -2.058500
4.931929 8.737228
8.467660 -5.194968
9.874552 2.657047
7.498948 -6.542401
9.558757 1.334967
9.730562 1.078087
9.622358 -2.652280
10.424180 0.010199
7.249965 5.705969
9.685088 0.241519
5.389083 8.950374
7.546266 5.989483
6.334269 7.578565
8.211355 6.070056
9.330758 4.166086
9.583419 -3.222714
5.201566 9.133030
9.189720 -1.696922
9.614371 -1.651953
9.604950 -2.138983
6.114597 7.703226
4.878187 8.114246
10.694894 0.506997
9.271589 -3.735814
5.952341 -8.621474
7.629260 -7.286629
9.029245 -3.913634
9.003907 3.558854
5.877435 -7.847343
8.391917 5.680422
10.348288 -0.275377
8.450878 -5.855704
5.446025 8.234933
9.868646 -1.029035
9.896487 -1.186071
7.951291 5.257330
8.283744 -6.575627
7.366122 -6.720048
6.098611 7.971290
5.871138 7.553499
6.963453 -6.797466
5.665357 8.086750
9.089910 3.629285
5.882297 8.594243
9.521631 -2.754691
5.428408 8.247016
5.463652 -8.320341
9.724266 2.280214
10.389892 -0.532360
7.842348 -5.501354
5.107343 8.591542
9.854951 1.771952
6.641636 -8.968076
9.584795 2.532603
5.411914 8.561686
7.305950 -6.585890
8.883245 -3.983932
10.513589 1.635254
6.782772 7.976063
9.478853 3.253824
9.629300 -0.055404
10.311154 1.455455
7.981531 -4.997461
7.740664 -6.612172
5.616176 -8.596640
8.744632 -3.464816
5.985603 7.766917
9.546750 -3.746744
10.168954 -3.586245
9.571920 0.216925
8.415487 -5.728309
10.281012 2.643484
5.799149 8.074852
9.671488 -2.651318
8.241285 -6.780062
8.134948 -5.984715
9.413663 1.676803
6.153930 7.974503
9.401316 3.250307
5.957407 7.760404
10.643071 -0.314726
8.475558 5.121367
6.277166 7.135300
10.704832 0.327221
9.846765 -2.324100
10.078397 1.171211
6.657978 -6.869027
6.694187 7.302875
8.312146 6.205482
9.556841 -2.718269
7.491172 5.737839
6.280888 -8.468705
10.254632 -3.891518
9.001849 -3.564109
9.793937 -0.751510
10.159166 0.173771
9.847766 1.182741
6.442943 8.111866
6.236165 -8.511719
9.357497 3.527660
10.309490 0.862963
6.361768 -7.889209
9.207679 -3.921306
9.009605 4.495773
10.117363 -1.127434
5.684894 7.786570
6.604067 -6.797882
8.381536 -5.667074
6.408475 7.880594
10.739253 1.471664
9.868539 -2.059979
5.721975 -8.333927
9.406397 -1.802261
7.617396 -6.038798
9.967055 1.545860
10.286056 0.348278
9.994513 2.436382
4.485645 8.617714
10.841652 -0.839977
9.377101 -3.171499
9.241472 4.234886
5.694902 7.984609
6.455750 -8.144444
5.476779 9.068029
9.552139 3.491992
6.835418 -7.133418
10.163075 2.105549
6.748006 -8.237272
9.220465 -4.705341
6.806164 6.699579
9.154744 -3.868780
9.656314 -5.206355
9.691588 3.585786
5.393037 9.075394
9.430816 -4.293168
7.452785 -6.174436
10.765563 0.081326
10.064626 -0.414566
6.684868 -7.263502
9.570397 3.747836
6.536237 8.116332
6.744573 -8.088681
9.352121 3.869221
9.816866 -3.259537
8.834714 -4.103086
9.719835 0.807629
10.278178 0.224225
5.144756 8.298796
8.184910 -5.742603
9.750872 -3.731075
9.150527 -4.037404
9.628733 1.222837
9.663820 -2.444659
7.798298 6.992359
9.306148 3.215652
9.443999 2.130756
5.666937 -9.212479
9.578528 2.956036
9.444486 -1.063659
7.854342 6.816002
9.695916 -3.759077
5.320059 8.352282
9.413748 1.371023
6.087280 -8.276456
6.180410 -7.746337
8.953748 2.424110
9.533801 3.285424
7.394435 6.675894
7.436480 6.759936
9.928999 -1.606999
10.303615 1.212191
7.407793 -7.042738
6.386918 -7.227284
5.685496 -8.497041
6.088676 -8.465800
6.613615 -7.785674
6.501880 7.638003
10.466227 -1.597854
10.363202 -0.846784
9.583013 3.731580
9.955929 -0.279858
8.227574 6.110539
7.243783 7.342648
8.034683 6.098315
9.315536 3.297410
6.797386 -7.902466
5.787867 -8.588916
7.943245 5.996013
8.206844 5.635270
8.467323 5.213458
9.975866 0.232533
6.924583 -7.798484
10.363383 -1.703202
9.494313 -4.020469
8.612416 4.769319
10.736213 0.351066
9.736305 0.594973
9.242959 0.853075
7.031192 6.630058
10.005167 2.403315
5.426614 -8.389737
8.523162 6.199616
8.234561 5.438745
7.394699 -6.422358
6.416530 8.033337
8.998387 -3.955048
8.315342 -4.976515
9.526103 -1.017678
6.686244 7.770304
9.079635 2.746148
9.471649 0.407209
8.619026 -3.961780
7.058268 -7.122962
7.039215 6.409193
9.087515 0.783440
10.107018 1.849392
5.640766 -7.825035
7.937840 -5.768000
8.898040 3.369901
7.971265 5.516061
8.298894 6.096276
8.927567 4.823363
6.755204 -8.490112
6.560276 7.733824
10.097774 2.984889
9.301556 -2.210039
7.130234 6.233136
9.647388 2.044751
5.077102 7.908924
5.500218 8.205965
7.925924 5.911278
10.410406 -0.186324
8.845876 6.676452
9.379569 -2.910441
9.400737 -1.633094
8.166124 5.157985
7.525250 6.584583
8.688214 -4.141695
7.922150 5.481827
9.702867 -3.508189
10.471209 -2.756752
7.165803 -6.781681
9.682785 -1.166589
9.797832 3.546824
8.675111 -5.376838
6.154732 -8.204268
8.680499 5.631375
6.391238 -7.486302
9.584452 -4.544087
9.407050 -1.514570
9.470952 -5.061714
5.775224 -8.202664
7.380091 -7.124111
9.862094 0.608527
10.631255 0.014151
9.506173 -3.226183
7.555238 7.027258
7.889892 -5.796628
9.625712 -3.199229
10.152725 -2.031532
7.480206 -6.747006
10.417209 -1.122896
7.223605 6.141256
10.572324 0.875984
8.050353 6.041837
9.438711 2.525257
8.182790 -5.988478
9.513829 -2.207992
10.068615 -1.698819
5.541826 8.489667
6.382436 -8.013732
9.097366 -4.849492
7.769771 -6.528136
6.886838 7.870075
6.974412 7.794873
9.534270 -2.245279
6.486787 -7.327024
6.271419 -8.442690
7.704223 -5.885113
5.754812 -7.952968
5.482116 -8.491255
5.111735 -8.533087
6.202759 -7.524064
9.307555 -2.106262
8.091290 -5.642054
10.277517 -2.598218
8.629629 2.249540
10.085007 2.607344
10.570692 -0.158342
6.863864 8.010339
9.781371 -3.564010
5.965822 7.076134
5.505138 -6.651653
5.498776 -8.512436
8.712562 2.945493
8.181158 5.915674
6.806195 6.159989
8.972933 4.917869
8.589425 4.324663
6.457014 7.825149
5.985970 -7.242735
6.924886 -7.826605
4.580391 8.997296
6.198755 8.199940
9.404925 -2.417610
8.567130 -4.116516
4.508288 8.528882
9.735969 4.416272
6.159909 7.809746
9.584953 4.045837
9.000928 5.424746
7.893156 -4.998510
8.402469 -4.153290
9.447527 1.139384
10.248164 -1.246490
5.211528 8.220902
7.790640 -6.169958
5.225251 -7.767398
9.746712 -0.964230
10.040571 3.484496
7.364419 -6.407993
10.397518 -0.223616
7.632524 6.604251
5.667183 -7.902802
9.553225 -2.250872
7.435431 6.891362
6.471896 7.149682
10.280806 0.566922
10.264943 -1.059592
9.638935 3.772718
9.597424 3.714265
6.780347 7.589228
9.072315 2.523417
8.459941 -4.605564
7.831122 -5.196073
5.425952 -8.335596
8.283262 5.871312
9.671902 -1.876047
9.534632 4.089997
8.904839 -4.312797
9.706373 1.583038
10.044023 -1.579575
9.717591 -3.851928
7.286858 6.143781
10.718920 -1.201157
9.137453 -3.003991
5.903218 7.033542
6.693001 6.947814
8.760026 5.453490
9.262825 3.500405
7.992940 -6.343389
8.394399 -5.968839
8.292394 6.119531
9.201477 -2.547277
9.226736 4.688245
8.253992 5.548952
9.625160 -1.802306
8.338831 5.902801
9.841096 2.885110
9.723614 -1.940906
9.910449 1.470533
10.036723 1.881910
8.313542 -4.562086
5.381216 -7.172654
5.773584 -8.448366
9.698353 2.801278
9.605604 2.784197
8.177130 4.431360
9.910701 -1.651731
4.956303 8.621802
8.956009 -5.149409
6.171286 7.602849
9.533004 2.407966
9.449967 3.058583
8.211591 5.953005
7.895603 6.297461
7.156305 -7.286847
7.031410 -7.355492
7.240117 6.481813
9.843113 1.938446
6.352420 6.952203
9.863283 0.300499
7.040504 7.130417
7.071222 -7.523724
9.311264 -3.722543
7.136073 7.573278
7.766658 5.976204
7.840875 6.314456
6.087487 -6.899443
10.132871 2.135999
8.530040 -4.357890
7.390402 -6.676168
9.636834 -0.338319
7.541087 -6.399181
8.864231 -4.428368
8.087683 4.748596
8.290593 6.378271
10.334582 0.527978
8.454818 -4.767923
7.879090 7.586474
8.939414 3.879995
9.711035 1.047694
9.139278 4.275275
6.554111 -6.952336
9.407301 4.063935
9.603536 4.528588
5.615068 -8.797013
8.522603 5.947036
10.301973 -0.864756
8.801033 -5.047635
5.505329 -7.650327
9.861741 -1.811723
9.162570 3.712730
10.213085 -0.252637
9.639685 -1.831232
8.056855 -5.035395
5.654585 8.035609
7.406120 -6.033622
10.201117 -1.253334
7.321087 -7.157448
10.023259 -2.417229
9.454668 -4.531494
9.441228 3.733732
6.270730 -7.815259
9.537872 0.973650
6.713175 7.737105
10.198880 -0.134661
9.566441 -3.039228
10.364553 -0.677025
9.836274 2.478606
4.914391 8.446881
9.686621 -0.171596
9.214733 -3.810931
6.838211 6.526160
7.247643 7.310190
7.847697 6.430467
7.866781 5.743370
7.019926 -7.019825
7.359585 -6.052025
10.461603 1.649123
5.371181 -8.289913
8.359999 6.240253
9.623326 -3.024785
5.699398 -7.395670
6.252877 8.937927
9.760255 -0.399048
6.275876 8.493429
9.363999 -4.585613
8.724846 5.386455
10.341128 1.090769
8.798707 4.942215
8.913993 -6.009615
4.780801 7.868151
8.013475 -5.503653
7.297000 -6.354146
6.566694 -7.571734
9.334486 3.115025
8.316644 1.829762
8.839065 5.422402
9.206920 -3.614008
10.452182 1.305720
8.794605 -4.610765
9.121606 4.447345
10.521605 0.128724
8.959987 3.425129
6.442237 -7.165821
5.976118 8.377193
4.995505 8.168674
5.358893 -8.486638
7.854872 -5.894073
8.981780 5.736096
5.351550 -8.747554
9.967347 -1.507318
7.859930 6.950732
7.050254 6.695313
9.695792 4.285782
8.717178 3.932226
6.774219 -7.952561
7.036267 7.066774
9.392896 2.862813
5.497391 -8.190434
8.236723 6.117357
9.056301 -2.105852
7.144143 -6.660605
8.772883 -6.182050
4.871243 8.263670
7.790680 -6.215892
10.274226 2.252546
7.637452 7.323267
9.320975 -3.443282
9.422038 -3.491807
5.615099 -8.558096
7.997193 -6.407543
6.480852 8.141973
9.433777 -1.453916
9.467894 -2.808657
9.485537 2.994788
6.509973 7.095285
7.053623 -6.329861
8.227615 -5.264259
10.320564 0.006260
7.159581 5.660610
6.139790 -8.397795
8.889182 -5.831561
8.531721 -4.212672
9.652799 -2.271954
9.351730 -1.838863
10.279600 0.212196
9.295457 0.635891
7.059558 7.604847
8.528250 5.716080
6.554146 7.069741
9.767274 -1.395332
9.428557 2.260066
10.137830 -1.713559
9.516449 3.551922
9.733951 -4.225182
5.973457 7.721804
9.837150 3.614888
9.967561 0.361469
10.388409 0.114157
8.056881 6.536546
5.562247 8.597380
8.091220 -6.365284
8.169659 6.041474
9.973512 -1.037074
8.031807 6.512274
6.697497 -6.213826
6.629943 -6.748643
5.721387 -7.645201
8.405972 -3.159104
9.260765 5.210037
7.786049 6.069837
9.715990 3.251518
10.265394 1.915620
8.963383 -4.413607
10.494504 -0.619513
10.429262 1.126594
8.114129 -3.872667
9.737726 -3.053937
10.316542 -2.358166
9.459986 2.336944
9.111521 3.878688
7.187554 6.833095
6.556655 -7.718316
7.106972 6.931040
7.963532 6.287991
7.373264 7.120401
9.131875 -4.050329
10.110507 -0.028141
8.886674 -5.554822
9.021078 5.179620
6.539085 7.716423
5.056397 8.026946
6.516750 -7.656193
9.381847 -3.953343
9.465219 0.491397
10.226081 -0.518572
9.943747 -1.444595
6.187289 -8.271199
8.495852 -5.721815
7.135376 6.734384
10.358747 -1.946849
10.285049 -0.340622
9.810434 -2.330173
5.657274 8.171701
8.843494 4.882884
9.940830 0.700124
9.416219 1.318429
9.143844 2.673906
9.993385 3.347485
7.149614 -6.835525
7.447341 7.155500
6.771156 7.421394
6.463875 8.777303
6.611613 -7.211702
9.216638 -1.326846
7.398595 7.843075
6.120198 7.929742
6.243565 -7.836869
7.994271 6.093440
9.951136 -0.087600
6.771470 8.117549
8.952853 4.007282
9.013978 -4.368963
5.376910 9.545057
9.300410 -6.215142
4.896400 8.414553
6.881006 -7.599454
9.806264 2.672415
9.351721 -1.435005
9.559087 -3.557898
6.187153 -8.352666
9.674612 -2.461656
8.081978 -5.158335
8.811275 -4.171251
5.904210 8.453828
9.755422 -0.742710
5.988275 -7.820286
9.729723 1.007093
10.127925 -2.107197
9.874242 0.960538
6.827720 7.146609
9.549798 3.570049
7.873838 -6.369061
9.528983 4.376498
9.326069 3.626108
5.819225 -7.796286
9.607866 -3.476904
10.175536 1.488046
7.608135 -5.873407
7.395353 -7.247719
8.712785 5.120719
5.789246 7.671358
9.969886 0.832164
5.727901 8.733120
10.275624 0.122068
9.969616 -1.040184
7.728644 -6.201934
7.498845 -6.560150
8.177361 -7.268834
9.945152 -1.404899
7.810628 -5.216498
6.952316 6.626304
7.986782 5.351784
7.746741 5.921353
5.810405 -8.146410
6.499105 -6.573229
7.527139 7.109500
9.627862 -0.006097
8.661964 5.084632
10.047328 -3.132298
9.213991 -4.244979
9.678169 2.581595
8.343130 -5.387145
6.028843 7.694270
9.502554 2.567844
9.347581 0.038751
8.575520 -5.508763
9.632663 3.570486
10.175253 0.200314
5.102657 -8.403094
9.190953 -4.688190
9.668056 1.255075
8.777533 -4.755424
9.488903 -1.679369
6.237285 7.718215
9.534498 0.882623
6.392699 6.767707
10.661487 1.594114
9.835300 -1.841880
5.779671 7.904919
9.705737 -2.840541
9.779989 -3.044184
5.190064 -8.367825
10.623027 2.063647
9.766306 3.929025
8.264682 -6.306920
8.798843 4.030871
8.890581 -3.682391
9.013092 -4.157590
10.453132 -3.970079
4.608214 -8.839194
6.015267 -7.701642
7.112379 -6.995916
8.867035 3.453658
10.678662 -1.071330
6.064953 7.062096
5.941011 7.477906
8.145909 -5.230353
5.201045 -1.800863
4.508000 -4.168134
5.309402 -2.571292
4.553837 4.173641
6.004201 -2.243381
2.872571 4.898336
5.997599 -1.717877
3.963765 3.629003
5.641446 -2.040757
6.311584 0.406731
3.385537 -4.557401
4.249111 -4.773708
7.004656 1.181574
4.534344 4.083941
5.703230 -1.707733
4.506009 -3.203734
4.634362 4.063851
6.543702 1.433837
4.399136 3.948023
6.100620 -1.261575
6.560681 0.754725
5.603545 2.425037
5.932601 -3.317345
3.544102 -4.551143
6.059623 -1.004033
4.367225 5.234276
6.764519 2.680507
5.694441 -3.333672
5.379304 -1.886684
6.442923 -0.609387
4.239859 4.536853
5.153210 2.205351
4.792091 4.096841
5.000173 3.034457
4.915559 3.567373
3.701887 5.025483
5.191880 -2.613608
5.808836 -0.178988
5.700278 -1.239197
5.173696 2.160988
3.751463 5.155849
3.789756 -4.932262
4.024054 -4.005986
6.339714 2.121495
5.580556 2.443997
5.755125 -0.879913
5.807689 -1.093938
5.053601 -3.856812
5.800860 1.299546
4.534270 4.493156
4.143591 -5.083478
3.255099 4.369537
4.147456 -4.136262
2.894308 -4.647123
5.597396 3.391001
3.764074 4.241086
3.438829 -3.806818
4.540279 -3.751108
6.033921 2.256565
5.028575 -3.213997
5.746932 -1.629559
5.272243 2.577898
5.107928 -0.437468
5.811680 -0.030747
5.905486 1.703280
4.914661 -4.095567
6.541829 -0.893674
5.797396 0.683320
3.883340 4.197622
6.214741 -1.781360
3.367330 -4.626092
4.123308 5.073459
5.906924 3.611604
6.780576 -0.313774
3.141086 5.296276
6.080953 -2.321885
6.483715 -0.060826
6.404047 -2.102110
3.715189 4.677081
5.559176 1.905478
6.362468 -0.722851
5.433484 2.941152
5.228083 -3.437822
5.728744 -2.280040
4.851650 -4.989118
5.877175 3.202322
5.573863 2.967411
5.195308 -3.837090
6.067167 2.018536
5.509773 -2.991649
6.172258 0.758773
3.149968 5.542632
5.762627 -2.553635
6.169219 1.555291
4.114365 5.022817
3.413936 -5.492793
5.350559 4.049108
6.189330 -1.339811
5.868090 3.072860
6.543461 2.271132
3.281104 -5.531932
3.529250 -5.019708
5.889116 2.505422
4.530016 -5.188733
5.198299 -3.636526
4.315821 -4.167681
5.889426 -2.204157
5.256153 -2.931733
6.071401 -0.941009
4.760104 3.685546
6.214548 -0.936159
6.877825 -0.305518
5.449771 -1.611589
3.175826 6.144546
5.669722 0.565356
3.938083 5.470701
5.960585 1.538991
3.810485 -4.612683
5.759555 -3.457244
5.128400 2.636210
5.400731 2.844485
6.096067 1.020338
6.561744 -1.101578
6.034024 -0.099173
4.317345 4.524481
6.324798 0.124664
6.481067 1.268607
6.897102 -1.036271
5.991232 -1.232182
5.454019 4.163831
5.173609 4.260220
4.903873 4.688292
4.950188 -3.691177
4.988774 3.115774
6.680706 -0.165347
5.185063 -3.943759
5.717013 2.702747
6.155954 -0.764218
3.841830 4.625332
5.172385 1.154250
6.426812 -2.077500
6.434395 -0.764826
4.133838 -3.968368
5.540302 2.624529
3.690308 -4.146049
6.769989 1.689767
6.399308 1.776852
5.439837 3.354244
5.796118 -3.103329
4.825137 3.289654
3.987939 -4.328835
6.034659 1.941379
4.543325 3.325667
6.208791 0.579816
3.411732 4.924388
4.465345 3.509272
5.514223 -2.826587
4.872747 4.051465
4.796555 4.199349
4.904028 -4.271223
6.628001 1.203276
5.318161 -3.560523
4.814600 3.134501
5.464093 -2.220323
4.668594 -3.797037
3.567267 -5.308626
6.461140 -1.163578
3.901236 -4.577843
6.217641 -1.425967
4.766138 4.403430
5.241257 2.210903
3.563433 -5.110865
5.672925 -0.871174
3.499479 -5.769240
3.588547 -5.065027
5.437835 -2.903897
5.901317 2.579350
4.301164 4.463724
3.398669 -5.383441
6.993582 1.767330
3.969703 4.410190
3.015194 -5.022924
5.320477 2.034246
3.306634 5.271330
5.054998 2.168511
6.704871 -0.376144
3.457821 -5.046174
6.092859 0.168516
4.849317 -3.898601
5.526284 3.078456
3.705395 -5.110299
3.345381 -5.003519
3.184603 -5.104116
4.337351 -3.441539
4.912057 4.101578
5.210228 -3.132868
6.361282 0.359636
6.314480 -3.111130
4.816446 -3.483210
6.082375 -0.093804
5.351968 2.341782
3.770444 4.532047
6.253621 -1.957972
4.279601 4.058538
3.399009 -5.744512
4.938781 -3.748811
4.438347 -4.827209
6.011844 0.600625
5.081892 2.581488
3.810957 -4.694531
5.421627 -2.014445
5.541324 -3.502206
5.930828 0.014566
5.572790 2.132989
6.291016 -0.566476
5.223688 -4.110959
6.219069 0.250543
2.349311 -5.869740
6.187861 0.386036
6.023734 1.108697
4.809563 4.034184
6.315925 2.124358
3.312935 5.459639
5.661625 2.481918
5.844207 2.199660
2.349482 -6.129159
4.547648 4.163860
5.395272 -3.746315
6.091506 -1.241634
3.059797 4.474496
5.154967 5.292192
6.041563 -1.802072
6.330448 -0.507038
3.743655 -5.226058
6.335511 -0.733821
5.711601 -2.819705
4.841335 3.667012
4.813340 4.416344
5.828780 1.550988
4.728826 -4.837070
6.214435 0.523125
3.792021 3.854341
5.168620 3.532130
4.205259 -5.066337
6.161757 3.667111
4.504398 -5.788322
5.093708 3.240319
3.204062 4.679617
5.312527 -3.438514
5.267965 -4.407548
6.196596 0.437320
5.748659 -1.630197
4.375205 -3.141537
2.944795 -4.658399
5.796990 -0.475600
6.294172 1.237189
4.271882 -4.830854
6.632680 1.625975
5.049819 3.947866
5.774987 -3.003653
6.896429 1.953450
5.725049 -3.767183
6.581374 -0.546450
5.458417 -1.027188
3.180795 -5.527415
5.616713 -2.547769
4.993601 3.752237
5.880115 -1.900897
6.476479 0.358659
5.605311 0.476210
3.916108 4.787847
6.123101 1.475550
3.523003 -4.743204
6.341311 1.450665
5.698506 -0.122256
4.831017 4.157617
5.560463 -3.079531
5.753475 -2.617755
5.169606 -2.878124
2.769319 -5.292235
2.816114 -4.859955
4.801573 4.637267
6.853945 0.759029
6.289746 -0.471482
6.077599 -0.510814
5.516241 1.700524
5.019656 -3.637810
5.920469 3.108908
3.892057 -5.631216
3.187362 5.344223
4.639055 -4.646928
6.098782 0.379724
6.305462 0.020282
3.684495 4.608084
4.052030 -5.038839
2.380851 5.684627
6.453016 -0.621134
5.919961 -0.690205
6.397679 1.966078
5.719503 2.867489
4.394145 3.518577
4.665454 -4.173343
5.883079 1.126473
6.597845 -2.914280
4.443151 3.715457
6.949483 0.479395
4.919586 -3.546102
4.777382 2.241622
4.804520 4.056731
4.252286 4.458790
4.479541 -3.781975
3.034382 5.330873
5.305200 -2.313449
6.508117 -0.297072
2.507302 -5.842480
4.970896 3.822278
5.716081 -1.028347
4.555894 4.297436
4.922279 -3.895495
3.926014 4.164311
6.890859 2.404382
5.326043 2.350621
2.665525 5.500795
5.450289 -3.308798
4.070488 4.461367
5.052263 -3.875879
4.427523 -4.267793
6.072714 1.135105
4.021150 -4.465842
5.778432 3.004749
4.336981 -3.516970
6.546492 -1.678809
3.110822 5.902095
5.038426 -3.769629
4.602716 -4.834106
6.628469 -0.367970
7.061070 -0.212213
5.956337 -1.590923
5.815534 1.727837
6.262420 0.531320
4.162548 -5.395564
3.607897 -4.927074
5.057709 3.112260
3.998541 4.429974
5.527630 1.970633
5.076285 3.877390
5.749964 -3.403599
2.581396 5.720215
5.835368 2.793335
5.326739 -2.225489
4.374824 -3.754871
4.942823 3.186137
4.844765 -2.697147
4.953076 3.463960
5.484414 -2.605141
3.439023 -5.225542
4.298276 -4.247278
2.895227 -5.429139
4.362080 5.023198
6.616910 0.375241
4.750777 -3.436591
5.754340 -2.154990
2.864037 -5.361171
6.509613 0.536026
4.270313 -4.330703
4.672649 4.786109
5.534614 -2.855443
4.436222 5.186894
3.065159 -5.399884
5.823317 1.273482
5.760117 0.258862
5.491076 -2.695766
6.437239 1.060155
4.724178 2.869131
4.406740 4.350431
5.925510 -0.755872
6.039167 1.942063
5.646772 2.388710
5.448620 -2.449872
5.247650 -1.620066
5.055905 4.428721
3.640344 -4.909834
5.951485 2.270274
7.372539 0.191596
4.416092 4.377137
5.684654 2.815727
5.867789 1.462649
5.966732 -0.373286
3.850543 -5.726147
3.262903 4.907134
5.187694 -4.271893
5.563524 2.193579
5.375704 -2.575294
3.543396 -4.607100
4.805135 4.020501
4.750061 -4.615499
3.348033 5.659133
3.609567 -5.145707
6.378677 -0.623789
5.245139 3.935044
